50 500
12 1 10 13 17 19 20 29 35 42 45 46 50
6 5 11 12 17 21 28
12 1 2 24 25 35 36 38 40 41 42 45 48
12 2 5 12 15 17 22 26 28 35 36 41 49
11 11 14 19 24 30 33 38 39 41 42 49
4 8 10 14 50
8 4 7 8 16 18 27 31 36
7 12 19 23 29 33 39 43
9 17 22 23 24 26 29 35 45 48
5 5 25 28 31 41
10 7 10 13 17 20 21 27 31 32 38
10 2 5 6 11 14 28 30 42 43 48
18 2 3 9 15 19 20 22 26 36 37 38 39 41 42 44 45 46 47
8 4 13 14 17 19 24 27 35
14 4 19 21 23 28 30 31 36 38 39 41 45 49 50
8 2 5 19 20 23 24 26 49
10 2 3 4 9 17 21 23 27 45 47
15 4 7 11 12 15 18 22 28 29 31 36 39 40 42 47
9 3 6 10 12 22 24 31 47 49
9 6 20 30 34 37 41 43 46 49
9 8 11 29 32 37 40 44 47 48
4 5 15 20 40
9 11 17 18 23 31 34 38 46 47
12 3 5 20 24 25 28 37 38 39 42 44 46
14 1 3 6 7 11 14 16 22 30 34 36 41 44 46
7 5 13 16 18 25 29 44
10 5 11 21 25 27 28 29 32 45 50
12 4 11 14 17 22 25 26 28 30 32 39 42
12 4 10 11 19 20 22 24 36 43 44 49 50
7 8 11 18 20 34 47 50
9 1 6 19 21 29 38 40 44 45
15 6 11 13 16 17 23 25 27 31 34 35 39 45 47 49
10 5 11 14 22 23 24 26 29 35 44
11 6 7 8 12 14 18 23 30 36 48 49
6 6 7 15 17 25 37
9 2 24 26 27 32 33 38 43 44
9 12 17 20 32 35 36 40 41 42
9 3 7 8 12 20 23 26 34 44
10 1 8 12 13 14 16 23 24 27 42
5 8 10 19 32 41
14 1 7 8 10 11 14 17 22 23 35 42 45 47 48
10 2 3 4 8 18 27 30 31 33 37
7 2 8 11 18 26 27 32
10 12 19 26 32 35 41 42 43 46 50
9 1 4 6 12 20 23 26 28 34
10 7 16 17 23 24 25 30 33 39 50
12 4 16 21 28 30 32 37 38 40 42 43 46
7 6 17 21 22 27 37 40
10 1 6 8 17 18 20 23 36 43 46
10 3 4 7 16 17 18 21 39 46 48
11 3 8 9 11 14 23 29 31 33 45 48
9 3 4 7 10 14 16 20 36 45
9 2 5 12 13 28 36 43 45 47
15 9 10 12 16 18 19 21 24 27 29 32 37 39 45 49
11 1 3 5 7 9 10 18 29 47 49 50
10 5 12 13 15 22 28 36 40 47 48
14 2 3 5 10 11 16 26 33 39 41 43 44 45 46
10 4 6 13 20 23 27 34 43 44 48
10 2 10 17 24 31 33 35 36 37 47
12 4 6 13 17 23 28 30 33 39 40 44 49
9 9 18 28 41 42 43 46 47 49
10 1 4 10 15 22 23 24 27 44 49
12 9 15 16 17 22 24 29 31 32 33 48 49
12 2 3 6 8 9 13 14 18 29 38 39 44
11 3 11 15 21 22 27 34 39 40 43 50
17 3 8 10 12 13 16 17 24 25 27 36 37 40 42 44 48 50
9 9 11 13 18 20 23 32 44 50
13 6 7 10 14 17 24 25 32 33 36 41 42 43
8 4 6 7 9 11 13 22 48
9 9 12 18 19 20 27 33 35 36
6 5 7 24 28 34 47
6 1 5 14 19 38 46
11 5 8 10 21 23 28 29 30 42 44 46
11 2 6 11 16 26 33 34 35 36 45 49
10 3 12 14 15 26 29 37 43 44 49
7 3 5 14 17 24 31 44
15 2 6 7 12 18 19 21 25 31 33 40 42 45 47 48
16 1 8 9 19 20 21 24 25 26 38 42 43 44 45 46 49
16 2 4 6 8 9 10 13 15 23 26 35 42 44 45 47 50
16 1 2 3 6 7 8 11 16 17 26 33 37 41 42 47 48
11 6 10 11 15 23 27 31 39 40 47 49
6 16 19 27 29 36 38
8 4 6 9 16 24 35 41 47
12 8 15 16 17 21 26 29 36 37 45 47 50
15 6 7 9 18 22 23 27 28 31 32 37 42 44 46 50
13 2 3 8 12 15 18 20 21 28 35 36 41 50
7 1 2 4 17 20 30 35
11 2 9 14 29 32 37 38 40 44 45 49
11 7 10 11 13 15 16 21 35 38 42 45
11 1 2 6 7 9 14 19 26 27 45 46
13 2 7 10 11 12 25 26 32 33 35 37 46 48
8 4 7 20 22 23 35 44 47
12 7 8 9 12 19 20 30 33 36 40 46 50
11 1 10 13 14 16 24 29 30 35 40 47
12 3 4 9 19 22 23 24 35 39 43 45 47
10 1 6 9 11 26 30 35 43 45 49
5 17 24 30 46 50
8 6 10 13 18 23 27 30 31
12 5 6 8 9 11 29 32 36 39 41 44 47
9 4 5 16 26 30 33 35 42 49
9 3 12 18 22 24 37 39 44 50
12 1 3 4 12 15 16 19 22 34 35 38 50
10 5 6 9 16 19 21 22 27 44 46
14 1 3 6 7 8 15 18 28 29 31 39 42 43 45
9 16 19 23 33 35 36 37 49 50
10 1 10 15 18 19 30 31 37 41 45
14 5 9 10 12 14 17 19 21 22 27 31 32 38 45
10 1 6 7 21 22 23 24 35 47 49
9 1 6 12 14 26 28 29 47 49
8 3 6 9 13 19 35 39 45
14 3 6 12 15 23 29 32 33 35 36 37 44 46 50
9 6 14 19 28 35 37 40 45 50
8 5 6 8 16 17 30 31 32
14 4 7 12 21 23 25 29 31 33 34 40 41 42 48
11 7 8 19 20 28 37 38 42 43 46 49
12 2 5 10 14 15 25 26 28 35 36 39 50
10 5 10 11 20 22 23 31 33 37 43
12 4 6 9 10 14 19 20 22 35 41 45 46
14 1 4 9 15 18 20 26 28 35 39 42 43 46 50
10 6 7 8 13 14 17 23 25 39 40
8 2 6 19 21 28 40 41 48
14 4 7 12 14 19 26 27 28 29 37 38 40 46 50
10 10 12 23 27 28 32 34 39 41 43
8 4 5 6 17 18 33 36 43
7 3 17 21 32 37 41 43
13 3 5 13 16 18 23 26 28 31 34 44 45 50
12 3 7 9 12 13 15 16 18 23 25 27 35
11 4 17 20 21 22 23 33 37 40 41 43
10 9 19 21 23 27 30 33 36 39 45
12 1 14 17 18 20 22 23 28 30 34 43 45
7 1 23 32 33 37 38 48
14 2 10 12 14 16 19 20 32 33 36 40 41 42 46
8 4 21 27 28 35 37 40 46
9 4 11 14 23 29 38 47 48 50
16 1 3 9 10 11 14 16 18 21 28 30 31 38 45 46 47
12 4 9 10 24 27 29 31 34 36 42 44 49
11 4 5 6 11 12 13 14 24 31 33 44
13 5 10 15 20 21 23 25 28 32 36 39 40 41
12 8 9 12 17 19 20 26 32 43 45 48 50
13 1 5 19 23 26 31 38 40 41 44 46 47 49
12 13 15 22 25 27 30 34 36 42 46 48 50
9 1 3 9 23 32 37 41 46 47
10 9 10 15 16 28 29 30 36 40 44
10 8 13 14 18 22 28 34 38 47 48
11 1 12 17 18 19 20 23 28 32 41 48
9 6 7 11 18 35 37 42 45 49
5 8 20 28 30 45
9 2 9 13 15 27 29 42 48 49
14 5 9 12 15 16 18 19 33 34 36 37 38 42 50
11 3 8 11 17 18 20 23 28 35 38 40
6 4 23 24 33 35 48
10 3 7 19 24 29 32 35 39 42 49
12 2 3 8 11 13 17 25 33 37 38 39 44
16 1 2 3 5 6 7 8 26 37 39 40 41 43 44 46 49
6 7 9 20 27 29 33
8 3 16 18 19 23 31 40 47
10 7 9 20 23 25 26 33 41 45 49
15 1 13 14 20 21 24 28 29 33 34 36 37 40 41 50
9 5 15 27 40 41 42 43 44 48
7 8 9 10 12 14 39 40
6 2 12 14 19 29 48
10 18 26 27 28 33 34 39 41 46 48
15 9 14 15 16 17 18 19 20 24 38 41 42 44 48 50
10 2 3 9 12 13 15 23 42 43 45
13 3 6 8 15 23 29 31 32 34 35 37 40 41
7 4 5 7 28 41 43 50
9 7 14 15 18 27 32 37 40 46
10 1 3 4 7 31 32 36 37 45 49
15 3 4 6 12 15 17 27 28 36 38 41 42 44 45 46
10 6 7 10 17 24 32 34 39 40 43
11 1 9 10 12 13 15 28 32 37 43 46
10 4 7 8 10 19 24 27 28 30 47
9 4 14 17 20 26 33 39 42 49
10 1 2 5 6 7 13 30 44 47 48
13 1 4 16 22 28 31 33 35 37 41 42 43 44
12 4 10 12 23 29 34 36 37 41 44 46 50
12 4 6 7 10 21 26 35 39 41 42 47 50
9 4 6 7 20 22 26 33 42 46
10 7 12 14 19 23 32 33 35 39 47
10 4 9 10 18 20 22 24 32 40 50
10 4 6 9 13 14 22 25 27 39 41
7 9 21 22 24 27 39 41
9 10 11 14 15 19 31 33 35 46
7 7 9 16 24 31 33 42
13 8 10 12 14 16 19 23 24 28 29 32 44 48
10 7 8 21 25 27 28 30 38 47 49
8 3 13 22 29 34 37 38 48
13 1 5 16 20 21 23 25 26 33 39 41 43 49
9 21 23 24 29 31 40 43 44 46
10 3 10 13 19 30 31 32 37 40 46
12 1 9 12 16 17 19 21 24 25 26 32 40
10 2 4 11 14 21 27 33 34 41 42
14 2 7 9 11 12 14 26 32 37 42 43 47 48 50
14 1 2 5 10 14 17 19 24 27 29 36 41 43 45
10 9 14 16 18 33 34 37 38 46 49
9 12 16 19 21 28 31 36 46 50
6 2 6 8 10 16 22
11 8 15 16 19 20 25 26 29 32 37 39
10 3 4 5 8 18 42 43 47 48 50
4 5 28 35 47
12 14 24 25 28 29 32 35 37 40 43 46 49
11 12 18 22 26 27 32 42 44 45 46 49
12 6 10 13 14 15 17 20 23 30 35 37 43
12 1 3 16 19 21 25 28 29 34 36 46 47
11 2 3 4 6 7 9 17 31 33 46 47
12 3 4 6 10 16 17 18 20 22 27 42 46
12 3 8 9 11 19 20 21 26 31 36 42 44
15 4 5 8 15 16 19 27 28 29 34 38 45 47 49 50
11 11 12 14 21 26 27 33 34 37 42 45
12 8 14 15 20 21 23 24 25 28 29 39 47
6 1 10 14 22 32 38
9 2 3 13 14 15 18 22 30 39
6 1 9 11 14 40 48
9 10 18 19 32 33 38 44 47 48
13 3 11 15 18 27 28 30 31 34 38 45 48 50
10 1 9 12 23 24 33 35 42 44 49
14 1 2 4 5 9 13 22 29 30 38 41 42 43 46
15 4 5 13 14 15 17 22 25 35 40 41 44 46 47 49
10 6 17 24 25 30 37 38 40 43 44
12 7 15 17 21 23 24 25 32 34 36 49 50
13 1 2 6 8 17 18 23 28 29 31 40 47 48
13 1 6 12 24 26 31 33 36 39 40 41 45 46
11 2 4 5 9 16 23 26 38 39 43 46
11 4 8 10 11 18 21 25 28 37 43 45
12 10 14 21 24 25 28 33 35 40 41 44 47
9 1 3 6 8 11 26 27 37 39
17 1 2 7 8 9 11 14 19 20 28 33 37 38 39 40 42 47
6 15 19 31 35 36 47
11 1 11 14 20 36 41 44 46 47 48 49
10 2 6 11 15 20 21 40 44 45 49
8 2 17 20 24 37 40 41 47
6 3 4 5 12 28 50
14 12 14 18 21 23 24 25 30 35 36 40 48 49 50
13 1 5 6 7 9 11 18 22 28 30 32 35 38
11 2 4 16 19 30 33 34 36 38 45 46
7 9 12 13 17 19 24 50
12 10 12 13 23 25 27 34 35 36 40 44 48
12 1 8 12 14 18 26 33 34 35 38 49 50
13 1 4 5 8 9 10 11 18 24 26 27 29 44
10 4 16 18 21 23 24 31 36 38 46
9 9 17 28 40 46 47 48 49 50
11 2 4 9 13 15 20 21 23 39 40 43
4 5 26 41 49
9 2 16 18 22 30 40 43 44 48
4 4 10 12 16
11 2 5 15 16 21 22 27 34 38 41 44
7 2 6 10 22 27 32 47
9 3 7 25 33 34 37 38 45 50
5 1 16 25 42 46
16 1 6 8 14 16 18 19 23 29 30 33 34 36 37 38 39
10 1 3 4 9 12 17 22 36 37 40
8 2 17 23 30 33 36 41 42
7 3 4 7 9 23 45 46
5 12 16 22 26 28
3 24 26 27
8 17 19 21 30 34 40 44 45
10 11 16 24 25 27 29 30 39 41 50
7 3 15 18 25 34 38 49
5 4 13 22 38 50
10 5 13 26 27 28 35 37 41 46 50
8 2 3 7 11 13 15 32 49
9 4 7 8 11 36 39 41 42 45
7 3 19 24 29 31 38 48
14 7 11 20 22 30 36 37 38 41 42 43 44 47 48
9 3 5 23 31 39 42 44 45 47
9 4 10 14 20 24 27 34 37 46
13 1 3 6 19 27 29 32 35 36 39 44 46 47
9 6 14 25 30 34 38 43 44 50
9 6 7 12 18 29 30 35 43 45
9 2 3 5 6 9 18 26 41 50
6 2 9 22 25 29 35
7 3 14 15 24 28 33 34
11 5 16 17 22 24 26 29 35 36 38 39
12 8 16 19 21 23 24 25 26 34 36 42 46
10 9 18 22 27 30 38 41 42 43 46
14 1 3 5 6 11 18 23 24 33 35 36 38 45 46
7 2 9 13 32 35 42 50
5 2 15 16 31 46
9 4 14 15 25 42 43 47 49 50
9 5 7 10 31 32 35 38 48 50
7 4 5 24 28 32 44 45
10 1 3 12 17 28 32 41 42 43 48
9 2 15 19 24 32 35 38 40 43
10 8 9 25 30 32 39 42 43 45 47
13 1 13 14 24 25 26 27 30 33 39 40 45 48
6 21 22 24 28 31 43
13 4 6 10 21 23 25 27 30 33 37 42 45 47
7 6 7 13 14 18 30 38
11 2 3 8 11 18 24 25 39 41 44 45
16 3 5 8 10 12 18 19 21 27 30 32 35 36 45 46 50
11 2 4 5 11 15 16 18 25 28 41 42
9 2 12 20 26 38 42 45 49 50
18 5 9 12 15 16 17 18 20 21 22 23 24 26 27 34 40 45 50
13 1 11 13 15 16 20 23 26 28 36 41 46 49
11 7 16 19 25 27 31 37 40 41 44 47
9 1 8 17 21 22 24 28 34 35
5 25 33 36 46 50
8 1 2 5 13 28 29 40 42
12 2 8 13 14 20 29 34 36 40 44 47 50
10 1 6 9 10 19 20 38 41 48 49
8 2 9 19 24 25 33 34 35
11 1 2 3 12 18 20 23 32 41 45 46
8 3 4 13 30 33 36 41 50
10 6 9 15 20 28 31 37 41 43 46
10 3 10 11 15 19 20 24 27 34 43
10 4 8 28 30 36 39 40 44 45 49
9 4 10 17 21 25 29 40 46 49
7 2 6 20 26 30 48 50
9 7 19 21 29 32 40 42 43 50
11 9 16 20 25 28 30 32 38 41 46 47
10 18 19 25 29 35 36 38 41 49 50
6 15 16 21 27 29 44
8 3 10 14 25 26 30 33 46
9 9 17 18 20 31 32 42 44 45
10 3 10 12 16 21 29 30 32 34 45
10 3 8 20 23 24 36 38 44 45 47
7 1 9 12 24 30 35 48
9 6 7 11 16 28 29 42 47 50
11 3 4 19 20 23 29 33 42 46 47 48
9 7 9 10 29 35 37 42 45 50
7 3 15 24 30 42 47 49
9 8 11 16 19 23 24 26 34 43
11 10 12 14 19 23 27 29 31 38 41 43
12 3 7 13 15 19 20 24 25 36 47 48 49
10 4 13 15 20 25 29 31 36 41 43
8 3 4 5 7 9 10 36 49
10 3 4 10 13 28 30 39 41 43 50
12 3 6 7 12 13 20 21 22 37 38 40 49
7 1 10 14 19 25 40 45
4 1 5 45 46
11 1 2 5 9 14 19 24 25 27 40 44
12 7 13 14 19 21 26 31 34 43 44 46 49
8 2 9 10 17 26 27 46 49
10 1 11 15 16 19 20 24 28 32 37
5 13 15 20 34 50
9 11 12 13 14 22 29 30 37 39
7 21 22 27 31 32 33 46
10 4 13 16 21 30 31 36 37 43 45
12 2 7 16 17 21 23 25 26 33 36 44 49
9 7 10 13 15 16 36 44 46 49
13 4 7 9 12 23 28 29 36 40 42 43 45 46
11 3 5 8 11 15 26 31 32 34 41 46
7 9 16 19 24 25 46 48
10 5 9 21 27 28 31 34 40 45 50
12 10 12 13 16 18 20 28 38 42 43 44 46
6 4 33 35 37 43 46
6 7 17 25 32 37 45
10 3 10 21 24 32 37 40 47 48 50
11 1 4 5 6 7 11 22 26 29 33 40
12 3 6 9 14 19 21 24 25 26 29 34 35
12 9 11 13 16 23 24 26 31 36 39 43 49
8 3 15 20 21 28 29 34 40
12 6 11 12 14 16 19 21 22 24 28 41 47
6 3 7 10 21 23 31
15 4 10 12 15 19 25 26 27 28 29 30 32 33 44 45
17 2 4 6 7 9 13 16 17 19 22 36 37 39 41 44 46 49
7 14 17 23 25 26 38 47
12 2 5 10 16 18 22 24 27 32 38 47 50
9 11 15 17 22 34 35 43 48 50
14 2 3 4 12 13 18 25 32 34 36 39 43 45 48
11 3 8 21 22 26 29 33 36 43 46 49
16 2 8 9 10 12 14 15 16 19 21 22 28 29 31 34 47
5 7 15 43 47 49
12 2 6 13 15 16 19 23 25 30 32 34 46
11 3 5 6 9 14 20 24 33 35 41 46
13 11 13 16 18 20 23 30 31 33 34 38 40 42
12 3 6 10 14 19 26 28 31 33 37 39 40
8 7 9 10 18 22 29 36 37
14 9 11 12 14 16 17 22 24 32 35 39 44 45 46
5 12 21 27 44 46
10 3 6 8 13 18 32 36 43 45 49
7 3 14 17 39 40 47 48
8 4 6 16 20 28 30 35 39
9 10 14 20 24 28 34 46 49 50
15 1 2 5 7 10 14 15 30 33 35 36 37 38 40 46
10 5 6 9 10 11 15 18 25 36 47
5 3 4 19 28 43
13 3 7 8 10 15 16 18 19 25 26 27 44 49
11 14 20 22 23 24 33 34 38 40 48 49
14 1 3 6 7 12 13 18 19 20 26 29 31 39 49
10 3 6 11 15 20 30 34 42 47 48
14 1 2 16 19 23 30 31 33 36 38 40 42 47 49
10 1 18 30 37 38 39 42 43 48 49
10 5 12 17 20 23 26 32 39 42 45
8 3 7 8 13 18 22 30 40
10 1 6 7 9 10 29 31 33 47 50
8 3 7 15 22 24 25 29 43
14 2 3 4 6 10 13 16 18 28 29 32 36 45 48
11 6 7 17 24 27 35 40 46 47 48 50
8 17 25 29 34 36 41 46 47
13 5 7 8 18 19 22 26 27 30 31 40 46 50
6 3 7 11 12 25 32
12 1 4 7 13 26 29 30 32 33 35 40 50
6 2 3 9 16 18 34
7 11 25 26 42 44 48 49
14 1 3 6 7 15 20 23 28 38 40 41 44 45 48
7 4 5 17 31 36 43 50
5 6 22 44 49 50
8 8 16 20 31 40 43 44 46
12 3 7 8 9 11 26 28 30 34 35 40 47
9 5 8 10 19 23 28 37 38 49
11 4 6 8 9 10 13 14 28 38 39 47
10 4 5 11 16 27 32 37 41 42 48
11 1 5 10 11 16 19 20 33 35 47 48
8 1 5 8 16 17 35 41 46
12 7 8 12 13 16 27 33 34 36 43 48 50
11 9 13 16 19 21 22 24 31 35 48 49
11 1 13 20 24 31 35 38 40 43 48 49
4 17 20 30 41
12 1 6 7 9 14 19 24 25 28 46 48 50
12 9 14 17 21 25 26 27 30 32 33 47 48
12 5 11 13 19 22 25 32 35 40 41 48 49
11 2 5 9 23 25 26 29 32 41 45 46
13 1 4 5 7 9 11 15 18 36 38 39 42 44
11 13 18 21 24 27 28 30 37 43 44 48
5 13 16 26 41 45
10 1 2 3 19 21 22 30 38 39 43
8 8 9 12 13 21 25 33 46
10 3 7 11 12 20 21 26 32 46 47
7 2 7 17 19 30 36 37
8 4 13 17 22 33 35 36 49
14 8 9 12 16 18 22 23 25 26 34 36 43 47 49
9 4 8 9 12 18 22 26 30 49
16 2 3 5 6 7 18 25 27 29 30 33 35 36 38 43 44
7 14 17 18 22 23 31 48
11 1 5 6 10 22 27 35 37 38 45 46
14 4 6 10 13 18 20 21 24 28 34 36 39 43 48
16 4 6 7 9 11 17 24 26 28 30 36 37 39 42 45 47
7 4 11 18 22 40 44 50
14 1 2 10 18 23 29 32 33 36 37 39 43 44 50
13 15 16 17 19 20 24 28 29 31 35 37 41 50
15 3 8 12 15 17 20 25 30 36 37 42 45 46 49 50
13 1 6 7 13 16 21 34 35 36 38 44 48 50
10 11 12 18 22 27 29 35 39 42 46
9 22 30 36 37 38 43 44 46 49
16 2 4 5 12 13 17 20 22 24 28 30 32 38 41 43 47
6 4 5 22 32 33 47
9 11 13 20 30 38 40 45 49 50
13 1 5 6 8 10 18 19 21 25 26 43 48 50
10 10 14 16 21 25 26 27 38 46 48
9 4 12 15 28 35 37 42 49 50
13 1 5 7 13 15 18 20 36 38 44 46 49 50
15 2 4 12 13 14 16 23 24 27 29 32 37 40 42 50
9 6 9 10 14 29 32 35 43 45
10 4 15 20 26 27 34 35 37 39 45
14 3 6 8 9 15 16 17 22 23 27 30 34 35 50
9 15 18 19 22 23 28 32 38 48
6 14 18 22 28 38 43
10 1 3 4 20 25 27 28 31 39 47
12 1 4 6 11 21 26 30 31 33 43 44 50
9 11 14 20 31 33 34 39 45 48
10 14 19 20 22 25 28 29 34 43 45
10 2 5 18 23 31 32 36 40 43 44
9 5 16 19 21 22 26 28 39 41
10 4 6 7 11 15 24 31 39 43 44
9 5 13 24 25 28 32 34 45 48
8 3 7 11 31 35 37 44 46
6 3 7 17 19 38 45
12 4 7 10 14 20 21 22 23 24 32 38 41
13 6 13 21 22 26 28 29 39 45 47 48 49 50
7 8 25 40 41 43 46 49
9 2 6 10 11 21 27 36 45 50
15 3 4 7 8 16 17 23 24 29 35 38 41 44 49 50
6 3 26 28 34 38 41
10 1 5 7 15 21 22 26 28 32 33
11 4 8 10 11 16 22 23 26 34 40 41
8 3 7 16 17 26 29 35 50
11 3 6 7 8 12 22 27 36 38 45 46
11 5 6 9 13 19 20 23 26 33 48 50
11 3 14 17 19 20 23 35 36 43 47 49
20 1 3 5 7 12 13 14 15 17 18 23 24 28 31 40 42 44 46 49 50
12 1 8 22 25 26 28 30 31 34 35 44 49
12 1 8 14 16 18 20 26 28 31 46 48 50
13 1 2 6 8 18 28 30 31 38 39 42 43 46
13 1 2 11 14 22 23 29 33 34 36 37 48 50
10 3 8 9 13 16 28 36 41 48 50
9 5 6 7 9 19 24 30 47 48
11 4 8 10 14 18 23 25 33 43 46 48
10 2 8 10 17 19 24 26 32 37 45
6 11 14 21 22 29 37
8 11 16 22 23 43 47 48 50
11 10 11 14 15 19 20 22 31 40 43 50
13 4 6 7 8 11 15 16 17 20 30 43 48 50
9 5 7 9 15 16 32 37 38 47
5 2 5 9 19 43
9 5 10 11 13 21 24 30 32 36
11 2 14 16 27 31 34 35 40 47 48 49
8 12 22 27 38 41 43 47 50
8 2 10 15 21 22 37 41 44
10 2 9 11 17 18 30 40 44 45 50
10 1 13 14 18 20 28 30 37 48 49
7 15 16 20 24 37 43 46
9 2 9 11 13 20 27 34 37 45
11 14 16 18 20 24 36 38 40 42 45 49
8 3 5 8 17 19 30 32 39
13 8 9 10 11 12 17 27 32 33 35 43 45 46
9 2 8 19 23 26 29 31 32 42
9 2 11 21 29 30 33 35 40 50
11 12 13 26 30 33 38 39 42 43 45 48
8 17 18 21 23 27 33 40 41
