400 2000
10 64 82 104 118 120 128 261 348 357 366
10 40 42 50 85 92 169 196 226 247 272
10 20 180 195 258 302 306 311 364 369 393
10 2 21 109 222 252 261 293 305 329 369
10 1 70 84 123 157 211 254 269 272 395
10 9 65 117 125 134 188 258 321 341 371
10 17 33 45 55 87 94 106 179 240 335
10 9 64 88 136 184 195 271 275 318 333
10 68 121 152 213 236 238 257 327 391 396
10 97 110 136 162 192 202 242 249 250 312
10 28 136 163 202 220 222 281 318 389 394
10 35 56 58 113 166 220 265 281 364 398
10 7 102 201 209 213 235 282 341 360 365
10 36 47 73 77 83 102 131 150 198 385
10 28 33 75 85 123 229 291 319 338 351
10 36 50 77 96 120 128 150 242 328 338
10 19 108 112 126 143 187 335 338 343 357
10 66 137 141 166 168 218 253 315 336 379
10 17 109 151 235 248 251 323 340 378 399
10 27 55 115 158 212 214 215 225 334 349
10 152 234 261 266 275 320 323 343 347 381
10 48 97 110 146 197 199 256 292 323 348
10 23 55 60 86 136 153 207 308 342 373
10 40 48 53 145 173 204 280 292 328 382
10 5 50 88 113 149 234 255 342 350 397
10 9 64 140 172 200 219 220 287 374 388
10 134 160 205 207 218 219 326 384 385 390
10 38 75 146 175 215 223 297 305 315 396
10 47 88 105 130 166 169 234 292 344 373
10 94 134 158 187 253 272 292 330 364 393
10 81 95 97 162 170 213 251 279 317 330
10 1 31 49 94 157 175 189 207 277 390
10 122 132 137 174 191 214 226 288 343 376
10 24 85 151 181 192 312 318 321 346 399
10 44 46 91 164 207 266 286 314 372 397
10 121 163 164 184 188 277 281 289 327 399
10 21 34 52 129 147 179 263 311 349 392
10 37 64 138 157 170 199 217 255 278 342
10 19 90 95 125 169 205 257 269 273 384
10 12 60 73 88 107 130 182 255 262 373
10 11 21 90 100 167 184 201 316 338 340
10 14 25 91 110 225 263 283 284 296 336
10 49 54 142 200 224 251 299 363 386 392
10 8 69 101 125 149 192 194 214 259 308
10 17 83 160 234 260 262 265 320 336 390
10 31 47 65 73 139 158 257 263 285 302
10 45 99 149 153 270 295 303 362 370 392
10 21 22 78 224 256 287 297 339 385 394
10 26 42 112 130 158 162 244 250 340 344
10 25 82 103 120 133 141 155 233 275 356
10 24 44 91 105 114 237 247 253 283 374
10 4 159 196 273 292 316 330 355 363 364
10 15 97 143 210 257 300 303 315 379 397
10 9 95 102 116 162 199 228 317 352 353
10 13 36 58 72 97 118 132 206 209 383
10 7 105 155 197 222 300 324 350 357 358
10 92 104 129 148 193 211 215 253 326 393
10 10 18 136 190 206 224 306 313 379 397
10 8 17 21 152 270 297 318 333 334 335
10 1 88 167 194 216 239 269 271 363 382
10 32 68 83 141 166 232 253 276 357 394
10 16 34 70 110 168 175 244 375 387 391
10 2 25 34 83 98 138 221 277 293 317
10 68 95 133 136 139 159 248 305 337 359
10 4 12 94 138 167 205 246 267 311 352
10 59 63 171 200 229 318 324 340 379 398
10 19 40 99 102 154 176 263 290 338 369
10 59 148 158 172 179 208 298 299 343 378
10 2 4 20 58 66 84 166 259 297 331
10 27 30 55 89 157 195 199 211 271 300
10 106 148 160 181 197 202 270 273 343 354
10 15 35 77 185 194 223 266 296 317 396
10 17 43 64 116 192 217 261 358 374 377
10 27 39 85 87 183 231 274 309 331 382
10 11 95 124 151 187 246 280 334 380 385
10 45 50 124 135 150 170 338 340 375 397
10 7 43 64 73 74 79 244 281 321 358
10 27 89 194 197 214 236 241 274 319 372
10 22 80 88 131 207 221 263 280 282 313
10 77 90 134 193 208 296 299 346 366 389
10 7 94 185 263 296 308 313 329 335 337
10 1 36 112 131 137 173 297 331 378 400
10 37 70 125 164 170 185 206 239 286 348
10 6 145 177 210 249 291 340 346 351 388
10 34 93 145 159 177 218 286 337 365 367
10 55 126 196 274 281 286 316 360 361 381
10 32 63 84 98 106 257 275 285 381 396
10 40 51 73 105 137 152 236 247 255 364
10 32 43 91 125 137 140 141 244 256 258
10 70 248 260 286 305 362 364 382 393 400
10 40 55 59 156 198 239 253 282 286 304
10 22 29 86 87 129 133 189 233 289 334
10 4 15 17 51 121 193 214 270 344 390
10 45 87 102 109 146 171 179 306 349 384
10 30 43 110 115 213 234 283 325 382 395
10 58 93 109 121 159 178 256 312 326 398
10 10 77 106 153 191 277 309 310 322 387
10 86 142 153 211 220 289 291 328 329 351
10 47 57 121 190 247 310 343 359 381 388
10 69 108 109 127 215 240 252 273 377 393
10 165 183 190 205 209 228 237 252 383 390
10 46 52 89 140 218 290 335 351 359 371
10 18 140 162 169 310 324 331 350 362 377
10 24 49 228 246 255 256 263 273 277 340
10 11 18 91 118 171 208 259 284 308 386
10 11 88 90 118 218 287 371 381 388 395
10 37 52 70 86 104 114 139 250 348 388
10 42 71 106 113 143 194 215 303 386 393
10 93 94 122 204 237 246 295 313 364 376
10 76 103 123 150 203 265 296 330 379 381
10 29 65 147 176 180 188 214 279 345 347
10 40 113 259 291 298 342 349 369 391 399
10 57 89 124 182 243 245 268 318 351 354
10 189 241 251 265 342 351 356 361 372 387
10 32 40 70 160 206 224 245 266 342 354
10 90 107 110 156 163 223 254 261 362 388
10 80 136 145 179 181 216 323 332 377 390
10 24 46 208 252 283 301 351 390 392 400
10 21 29 44 45 93 134 147 187 255 346
10 150 175 215 237 239 249 286 293 334 394
10 74 182 208 210 242 272 324 358 364 383
10 55 160 171 237 291 294 341 345 372 383
10 50 81 86 113 216 252 299 318 343 380
10 1 57 79 92 94 139 197 263 304 310
10 14 69 110 169 207 221 224 246 314 359
10 44 60 116 126 211 273 294 306 377 383
10 21 34 38 106 111 188 202 215 361 375
10 4 125 208 230 242 243 264 275 336 381
10 48 74 90 115 128 145 206 233 277 380
10 34 122 224 248 281 282 289 309 368 379
10 30 62 91 161 176 178 184 262 264 357
10 133 173 184 223 230 313 336 347 377 393
10 40 51 73 181 205 212 235 299 362 381
10 64 86 150 205 222 256 291 307 393 396
10 12 135 189 191 206 277 315 341 361 385
10 51 127 132 162 165 172 193 252 349 359
10 10 32 49 136 149 252 314 321 325 327
10 13 23 26 44 108 154 209 303 314 379
10 148 157 182 187 226 242 270 285 371 375
10 101 129 150 153 215 242 275 305 317 335
10 69 92 111 151 169 184 250 258 384 392
10 22 30 51 72 129 176 181 331 367 370
10 103 104 124 136 146 186 325 334 370 394
10 39 71 73 86 231 287 289 309 333 377
10 3 109 172 173 237 256 318 324 360 371
10 77 93 112 149 162 178 182 209 228 289
10 11 15 27 83 126 327 329 378 386 398
10 11 27 120 170 194 243 285 310 313 353
10 15 104 117 121 127 141 242 249 335 373
10 49 60 133 187 199 218 303 357 389 390
10 29 154 169 182 185 263 270 278 349 367
10 17 39 120 209 219 226 280 350 362 385
10 1 44 99 134 147 168 181 313 331 341
10 27 39 103 113 152 157 167 184 261 309
10 16 48 50 54 62 157 271 307 352 386
10 8 70 74 81 105 117 135 232 317 371
10 45 58 68 69 111 166 207 208 308 337
10 3 33 99 112 143 173 192 251 256 353
10 55 95 98 116 143 158 214 233 322 396
10 30 82 132 147 159 186 218 329 360 369
10 3 68 80 90 127 178 232 250 368 383
10 22 29 82 93 118 136 236 240 391 400
10 53 186 199 221 253 257 260 272 324 387
10 47 51 87 94 203 221 296 323 337 368
10 54 101 132 147 191 244 283 316 317 334
10 4 88 96 104 107 116 121 134 374 376
10 43 95 195 228 302 334 345 377 383 392
10 2 7 22 42 62 119 163 178 227 379
10 19 30 66 84 101 188 220 228 235 291
10 8 20 41 71 99 152 159 246 270 380
10 56 59 68 102 125 144 245 250 368 376
10 34 63 82 175 178 192 197 231 263 274
10 8 107 117 183 214 236 254 282 336 370
10 4 19 32 44 190 211 225 248 318 367
10 3 137 161 235 246 257 284 308 332 343
10 37 149 208 216 225 248 267 335 361 400
10 8 71 137 145 189 224 236 346 385 390
10 25 65 95 127 298 334 339 369 376 393
10 13 107 127 167 173 178 222 228 272 295
10 5 49 142 187 207 305 315 371 385 395
10 30 33 72 139 254 269 294 299 304 347
10 73 78 110 139 149 165 218 236 310 381
10 33 150 164 191 192 261 274 279 341 354
10 85 161 220 254 303 317 344 349 367 381
10 63 119 126 128 284 293 302 321 344 377
10 4 63 77 98 145 183 241 253 318 369
10 22 34 59 65 108 132 134 215 267 370
10 44 51 205 216 253 280 305 332 362 382
10 30 35 37 72 116 217 221 242 340 400
10 46 51 65 72 104 170 232 324 347 351
10 35 36 42 65 172 193 204 265 282 283
10 69 109 132 171 176 225 251 260 262 267
10 14 37 38 49 77 102 204 263 321 400
10 53 65 147 181 190 211 340 352 358 368
10 5 108 143 207 243 307 311 341 342 368
10 4 24 52 64 68 163 172 190 238 272
10 15 95 98 99 102 145 183 305 321 361
10 21 42 54 60 105 167 320 333 346 363
10 27 42 44 70 74 83 173 265 324 339
10 10 89 123 128 215 259 267 278 306 348
10 67 86 87 164 185 335 346 362 367 378
10 98 99 121 138 154 189 230 234 299 323
10 11 90 99 120 152 158 177 211 232 382
10 6 92 245 248 251 280 308 311 367 390
10 7 34 48 53 70 174 205 262 280 292
10 2 7 37 64 98 116 321 335 355 391
10 62 63 96 142 195 227 229 231 241 379
10 59 61 112 122 123 165 192 298 331 336
10 37 173 183 195 208 227 338 346 352 374
10 10 14 35 39 180 186 234 282 328 343
10 91 100 159 165 199 257 284 294 311 390
10 23 46 86 110 143 205 236 300 350 375
10 119 121 136 148 190 284 287 333 345 382
10 29 94 98 117 120 164 235 245 257 317
10 26 29 47 63 65 66 69 88 213 299
10 32 120 207 219 220 276 278 302 333 397
10 9 56 132 189 227 265 296 328 348 370
10 41 48 141 201 203 212 294 299 319 375
10 91 221 227 231 255 276 317 319 333 392
10 24 45 80 109 150 184 219 311 363 395
10 26 71 72 158 182 211 263 272 360 368
10 22 98 124 160 197 240 282 337 340 399
10 33 123 124 211 260 307 324 341 373 382
10 18 74 104 144 205 226 250 296 368 380
10 26 42 83 162 172 201 261 354 377 389
10 30 44 153 199 208 246 307 347 351 361
10 53 122 229 234 236 254 257 265 386 391
10 4 41 56 82 84 96 188 198 313 398
10 15 90 111 142 208 219 266 376 381 385
10 19 22 48 153 156 162 243 266 301 348
10 12 54 80 84 133 214 222 227 370 372
10 13 21 108 132 148 187 257 288 324 362
10 8 15 41 89 140 152 167 214 217 233
10 1 25 62 70 130 160 181 256 286 312
10 41 57 58 135 165 175 245 291 311 396
10 108 110 117 150 239 242 256 330 361 378
10 14 69 141 215 226 242 246 299 333 368
10 76 78 119 164 175 287 318 324 377 381
10 43 77 82 84 187 194 203 217 285 322
10 8 43 51 111 138 147 222 299 307 373
10 26 142 144 146 169 190 285 301 360 378
10 61 102 105 131 291 309 369 388 390 399
10 18 45 67 75 101 220 224 282 339 390
10 57 65 89 111 334 337 348 354 361 379
10 4 34 81 113 132 155 203 222 374 375
10 60 152 211 240 242 304 310 336 371 388
10 21 44 111 217 237 288 305 342 373 399
10 65 241 261 262 273 274 304 338 358 381
10 99 124 167 176 191 227 303 341 361 362
10 5 56 60 65 170 235 242 294 304 383
10 37 48 164 271 330 335 343 347 369 371
10 9 42 43 45 76 124 159 192 315 358
10 47 123 138 166 169 179 191 223 229 343
10 19 29 78 93 149 231 333 342 367 370
10 1 20 29 106 122 150 176 179 354 376
10 7 69 91 118 199 239 250 261 294 372
10 20 35 40 123 129 181 209 221 341 391
10 2 79 93 131 179 219 232 246 347 377
10 92 128 179 184 185 198 271 302 369 378
10 4 22 49 51 99 171 197 221 273 397
10 12 53 112 117 188 203 220 240 308 371
10 7 36 82 121 125 132 144 249 344 397
10 1 35 75 109 117 137 142 148 249 263
10 29 50 54 111 272 297 318 322 340 372
10 53 77 89 94 162 249 286 287 312 331
10 54 68 98 114 177 185 186 266 271 327
10 11 18 41 111 118 145 191 195 270 322
10 15 22 51 60 168 216 353 357 363 399
10 13 37 63 232 238 276 305 368 377 382
10 4 14 54 171 234 258 265 293 296 311
10 33 155 178 191 201 277 279 314 328 344
10 1 115 131 136 139 213 217 235 277 294
10 20 122 172 174 213 250 261 275 290 300
10 43 46 55 63 76 85 116 121 245 310
10 10 47 108 114 127 196 212 255 266 269
10 54 93 117 118 165 181 264 280 291 397
10 41 47 63 93 124 142 198 270 277 329
10 30 33 51 73 91 95 182 199 297 369
10 4 18 52 58 75 144 278 285 295 352
10 1 96 101 113 194 205 235 302 334 351
10 22 43 145 151 158 307 312 319 320 346
10 54 58 87 102 140 149 164 187 198 391
10 46 65 135 144 249 286 357 363 379 381
10 4 31 39 102 160 274 286 296 305 397
10 48 54 62 86 155 169 180 225 342 379
10 5 28 111 137 168 194 232 259 290 321
10 14 38 45 52 89 95 111 213 294 385
10 10 24 98 104 156 182 198 257 282 295
10 12 36 58 59 84 86 177 281 380 397
10 15 21 23 197 206 288 307 337 363 377
10 17 19 64 183 295 345 347 365 366 369
10 49 108 137 199 223 225 226 241 248 335
10 29 74 83 99 110 123 190 207 272 374
10 9 15 57 86 92 178 243 343 350 364
10 51 88 129 173 176 211 262 292 359 396
10 6 52 129 131 136 189 215 272 273 302
10 8 39 43 44 180 215 263 302 326 345
10 70 105 138 155 276 280 289 320 348 389
10 4 14 16 81 109 118 192 200 204 281
10 152 155 198 209 255 278 298 351 360 364
10 28 75 123 128 143 149 191 228 259 348
10 33 72 108 168 179 189 301 307 319 374
10 74 128 161 162 172 237 247 263 314 328
10 56 73 188 191 244 279 320 329 345 398
10 16 38 58 182 198 215 223 265 319 380
10 75 113 152 176 207 262 268 338 341 391
10 15 28 43 91 116 192 318 319 378 394
10 32 45 135 147 229 253 260 369 372 395
10 32 71 73 89 94 209 234 292 316 323
10 29 39 47 85 106 127 205 240 246 400
10 12 15 184 212 220 228 232 245 246 281
10 100 177 198 231 258 273 288 324 382 390
10 22 51 75 130 176 244 279 291 303 310
10 26 55 107 153 178 202 235 239 251 334
10 60 124 131 259 275 279 283 370 372 399
10 48 52 170 208 228 247 255 290 322 400
10 31 141 195 260 266 268 286 313 351 356
10 71 155 264 271 297 350 354 356 385 400
10 16 22 93 151 156 179 187 221 289 390
10 59 79 83 95 152 163 177 201 271 339
10 27 55 90 127 130 158 216 301 356 374
10 39 47 105 128 208 216 219 241 244 283
10 18 40 118 226 272 322 323 350 358 372
10 19 137 140 143 157 169 235 315 326 359
10 62 67 88 98 163 210 248 265 334 379
10 105 111 128 231 251 268 270 298 318 365
10 8 19 22 27 59 65 291 327 345 389
10 51 80 95 142 158 200 273 308 378 388
10 24 27 38 57 92 160 181 248 330 388
10 23 32 43 66 104 191 194 202 236 275
10 23 27 62 75 144 145 180 281 303 345
10 50 65 107 155 168 206 259 273 354 376
10 12 42 122 144 218 251 325 384 385 390
10 20 49 76 94 104 108 191 287 322 361
10 26 92 164 208 213 238 268 341 352 373
10 5 14 35 75 115 175 196 228 325 337
10 16 39 76 136 160 220 230 303 350 377
10 15 36 142 244 291 299 338 342 365 371
10 26 97 134 248 254 263 267 287 358 399
10 27 42 62 137 187 271 274 276 303 388
10 17 143 145 165 196 298 306 315 346 367
10 9 39 42 64 68 195 200 337 377 399
10 63 86 109 245 268 283 339 387 397 400
10 56 57 76 145 178 189 314 343 365 373
10 55 68 129 166 189 270 304 330 344 376
10 8 103 171 222 231 326 333 369 388 398
10 14 26 55 89 98 135 266 294 339 374
10 64 238 281 285 292 305 331 367 370 396
10 22 34 49 58 87 155 158 265 280 373
10 14 73 93 107 131 215 222 246 352 354
10 18 23 126 146 147 197 244 293 314 380
10 12 25 39 105 139 180 184 276 368 395
10 26 44 55 124 127 156 241 276 328 365
10 28 38 54 71 116 185 226 233 252 317
10 1 44 65 148 160 236 258 321 330 388
10 92 123 125 180 199 213 224 244 274 378
10 31 36 42 96 121 175 220 224 243 254
10 72 119 129 152 188 209 316 352 354 375
10 4 37 73 233 308 309 329 344 361 394
10 17 25 48 65 97 143 219 299 350 369
10 46 70 71 104 112 121 136 186 208 367
10 46 145 154 158 167 172 199 277 287 350
10 12 39 53 66 127 185 272 297 365 368
10 15 120 139 158 166 221 250 277 347 384
10 49 50 76 89 217 221 239 255 285 313
10 93 114 156 178 185 234 254 255 305 337
10 3 51 60 149 156 204 216 373 381 383
10 67 97 105 131 136 144 147 198 259 327
10 36 44 82 102 166 235 305 354 363 399
10 17 33 56 70 76 214 223 289 361 369
10 11 53 98 164 240 254 282 299 362 368
10 35 67 196 212 264 269 320 333 360 398
10 7 28 61 66 87 89 151 280 335 389
10 10 41 46 109 166 266 310 311 331 344
10 89 113 116 119 134 164 265 274 316 332
10 22 33 72 108 197 217 226 305 311 316
10 23 91 131 249 264 287 293 359 369 387
10 7 31 77 141 183 206 231 316 331 384
10 55 77 130 133 188 283 322 354 377 397
10 5 22 61 90 136 206 294 295 373 380
10 13 88 124 126 127 181 247 268 279 300
10 39 40 44 46 213 219 226 233 261 388
10 8 40 65 66 71 77 285 294 318 337
10 20 42 121 123 126 177 202 268 306 324
10 51 97 106 159 193 196 203 315 328 351
10 21 71 79 81 101 154 334 374 381 397
10 54 61 68 98 131 139 186 253 311 333
10 85 103 131 144 152 288 309 315 319 336
10 3 33 136 146 173 190 210 276 284 289
10 14 185 192 203 216 236 244 282 382 387
10 31 42 91 118 135 148 185 261 292 351
10 85 117 154 155 175 265 314 321 334 394
10 112 148 175 189 197 228 231 249 318 325
10 30 143 190 201 247 256 272 298 317 324
10 2 41 90 136 168 179 217 289 354 361
10 91 103 109 174 206 274 280 338 376 382
10 7 84 98 100 163 169 194 213 264 274
10 16 38 119 179 208 245 345 346 358 394
10 4 101 153 165 181 194 219 266 362 387
10 8 55 64 130 215 227 237 303 343 387
10 67 131 170 210 214 241 261 264 276 360
10 11 15 44 112 134 224 240 271 335 368
10 98 128 162 174 190 242 252 295 335 395
10 47 110 114 152 164 215 265 281 298 383
10 6 43 126 135 152 173 176 199 251 301
10 20 67 90 174 210 221 232 302 330 350
10 38 42 108 146 192 194 212 267 297 359
10 175 184 233 256 272 286 297 324 335 371
10 5 56 71 89 190 207 257 294 299 309
10 60 62 130 147 152 199 248 275 322 400
10 81 112 123 156 230 389 394 396 397 398
10 27 157 160 273 274 340 351 353 368 381
10 7 78 104 149 186 227 286 346 348 365
10 74 85 125 150 203 221 287 341 351 358
10 28 41 62 132 143 247 271 275 299 301
10 18 34 86 87 130 136 246 275 336 356
10 10 46 76 86 205 235 255 284 297 337
10 5 13 24 143 256 290 298 342 345 392
10 57 217 244 250 287 289 334 340 372 389
10 43 54 99 104 122 127 163 228 252 268
10 76 84 97 118 175 191 292 300 368 381
10 49 76 143 177 178 184 192 271 290 298
10 40 48 83 110 144 148 277 282 292 396
10 78 154 160 166 180 192 294 312 371 389
10 99 144 174 197 212 247 354 385 398 400
10 39 44 112 125 131 214 304 310 338 375
10 33 85 86 93 247 279 357 387 390 391
10 8 69 92 175 225 237 320 357 383 385
10 33 41 75 82 85 141 167 228 281 390
10 48 69 115 149 175 177 185 289 295 392
10 5 18 46 133 205 209 227 265 310 362
10 31 45 46 74 103 187 212 264 288 371
10 37 72 162 185 192 204 259 304 346 400
10 4 40 89 158 167 220 232 249 255 380
10 9 31 154 156 211 291 316 326 367 371
10 4 50 138 165 166 223 255 262 363 393
10 125 171 181 225 264 298 326 335 358 392
10 41 54 65 68 72 183 226 234 297 336
10 14 18 97 131 211 235 312 335 385 389
10 9 14 55 71 72 134 206 208 238 334
10 3 20 63 129 161 165 173 192 232 242
10 50 62 146 183 194 203 245 255 308 343
10 45 57 118 133 137 189 290 320 346 360
10 29 179 193 206 217 227 249 256 376 380
10 89 139 151 164 216 261 289 355 357 398
10 102 115 154 171 179 208 235 287 335 372
10 37 61 76 109 157 222 245 263 326 356
10 9 68 83 94 155 188 218 275 311 315
10 40 94 169 219 222 273 274 277 393 398
10 84 91 142 159 165 183 191 197 389 398
10 5 102 106 125 150 169 175 352 363 399
10 6 112 138 212 214 247 252 291 294 316
10 6 7 68 85 104 139 173 292 355 374
10 31 159 163 179 209 236 269 289 299 325
10 12 139 165 213 233 270 292 297 313 400
10 28 46 96 108 142 202 244 253 323 372
10 5 17 143 156 181 248 261 320 378 382
10 31 99 114 125 163 226 319 341 372 398
10 31 78 128 175 217 234 264 330 344 346
10 23 43 110 114 137 202 238 275 322 373
10 16 66 67 68 114 286 298 358 368 397
10 71 102 158 162 205 232 249 323 347 384
10 76 81 115 191 230 237 260 284 301 377
10 31 57 61 120 135 282 307 324 345 362
10 13 62 72 124 162 200 217 228 232 276
10 2 50 78 101 106 130 204 207 301 303
10 11 146 175 183 193 207 318 337 368 385
10 39 41 88 103 160 166 280 352 389 399
10 26 42 77 100 146 252 270 303 325 336
10 80 138 143 211 225 241 264 305 332 391
10 118 126 149 173 259 267 270 285 332 358
10 24 55 130 139 144 181 208 278 337 339
10 68 83 205 232 258 315 337 355 383 387
10 33 52 59 78 154 195 233 258 329 388
10 33 72 81 158 223 224 292 305 306 387
10 5 9 53 184 210 264 294 373 376 384
10 24 94 128 174 212 239 272 285 324 329
10 2 61 72 73 118 139 159 218 301 304
10 97 99 146 188 193 216 292 320 353 392
10 64 111 166 211 246 252 259 298 340 387
10 32 67 79 126 132 141 142 214 241 384
10 5 37 99 145 214 215 249 271 356 362
10 43 76 79 138 166 248 254 333 348 376
10 59 74 106 121 143 152 155 227 230 243
10 58 119 146 159 165 176 184 195 293 396
10 27 33 39 76 91 123 228 239 246 342
10 41 45 178 246 249 250 257 275 299 382
10 115 116 163 228 285 289 339 342 369 388
10 60 77 209 220 256 268 333 351 369 376
10 42 110 133 144 163 187 281 307 373 384
10 59 80 95 102 118 123 129 161 215 351
10 14 52 88 141 154 226 291 304 323 376
10 162 171 191 197 205 242 251 294 306 322
10 19 36 54 79 89 114 147 195 216 394
10 10 19 45 115 124 228 329 333 383 388
10 36 124 139 173 196 215 320 363 365 383
10 1 143 157 162 215 240 241 254 288 313
10 2 45 57 70 94 185 218 248 300 370
10 128 149 183 198 253 297 313 328 366 386
10 17 29 94 126 148 165 186 290 361 372
10 7 22 143 206 216 219 223 352 385 394
10 1 9 53 91 103 166 205 211 245 315
10 22 36 177 179 189 234 246 283 324 351
10 12 27 41 151 213 217 225 308 309 314
10 8 54 77 184 237 258 264 293 372 375
10 2 5 139 153 173 212 263 320 373 383
10 6 36 105 126 203 304 345 347 395 398
10 10 33 111 156 189 307 338 339 365 396
10 74 78 124 161 231 278 288 318 322 329
10 61 76 94 129 144 198 221 222 282 389
10 116 122 125 202 283 304 309 368 369 371
10 43 110 114 157 200 208 264 337 369 384
10 3 137 171 206 243 269 290 304 331 363
10 88 98 101 156 244 255 265 271 283 332
10 25 134 138 145 167 218 267 276 283 398
10 44 74 75 117 178 227 302 303 359 370
10 6 121 146 170 267 285 290 302 309 380
10 64 70 97 122 133 206 301 370 389 393
10 54 78 81 132 193 219 221 230 288 329
10 17 25 59 212 223 269 278 294 298 399
10 19 84 94 95 101 121 229 238 269 320
10 4 18 28 39 130 161 242 259 324 390
10 52 64 140 182 268 272 291 315 364 376
10 53 139 200 252 258 308 335 341 353 356
10 36 54 56 60 80 207 278 292 349 374
10 7 18 21 55 216 282 309 338 339 375
10 17 25 57 67 157 162 165 248 295 347
10 72 123 131 136 158 184 241 313 354 375
10 24 69 117 137 140 145 148 225 305 371
10 66 126 167 210 225 238 244 292 310 355
10 35 89 113 141 186 193 204 237 302 343
10 80 146 160 203 206 288 290 294 328 334
10 117 177 200 270 304 340 349 369 383 390
10 20 69 84 97 123 240 263 290 309 326
10 19 123 134 210 285 326 340 343 348 396
10 1 19 57 58 157 234 280 363 392 394
10 82 85 102 133 170 295 318 325 334 387
10 65 101 112 123 131 150 185 236 258 294
10 115 186 202 227 282 300 316 317 341 370
10 169 171 190 204 211 235 239 249 287 329
10 52 182 235 254 255 268 301 313 350 394
10 35 80 82 121 297 311 323 357 377 380
10 12 25 38 69 172 187 205 328 355 362
10 98 108 137 269 281 284 294 319 364 371
10 62 73 92 109 167 277 278 283 342 387
10 23 42 64 76 175 183 285 291 298 313
10 46 55 79 91 133 146 159 207 218 246
10 2 78 101 130 134 169 204 243 247 323
10 56 139 151 217 237 248 325 329 372 397
10 35 67 75 83 91 133 212 219 282 333
10 44 50 94 113 125 160 230 263 357 358
10 18 25 29 44 110 121 181 221 236 326
10 70 122 150 158 176 259 305 350 361 384
10 15 26 92 119 144 287 311 313 329 397
10 34 48 88 124 147 250 278 310 364 389
10 53 207 229 244 261 280 289 306 311 333
10 48 54 78 139 158 228 267 274 368 374
10 71 78 80 92 204 230 336 359 389 390
10 20 80 151 218 221 231 287 290 325 331
10 9 19 34 45 81 127 234 269 301 348
10 60 76 83 119 211 217 349 390 391 392
10 4 114 116 171 233 276 298 346 362 370
10 35 79 100 111 129 148 210 214 216 276
10 19 138 146 197 268 269 300 333 363 389
10 8 42 95 134 163 216 240 354 384 396
10 30 177 195 229 251 266 272 293 361 399
10 7 95 97 153 156 203 230 307 328 380
10 56 82 85 128 140 161 197 323 325 357
10 107 120 154 168 210 219 248 300 301 385
10 49 59 73 225 245 266 284 356 380 393
10 75 87 92 106 141 175 211 344 375 392
10 45 77 134 204 235 271 347 355 359 375
10 50 68 70 116 120 125 137 207 319 359
10 16 83 147 234 236 255 319 332 367 384
10 58 73 231 235 290 308 323 343 348 361
10 94 131 156 245 270 284 319 322 352 365
10 13 18 78 88 98 115 155 313 325 358
10 49 109 126 274 310 346 352 358 380 395
10 2 55 59 76 85 123 153 165 204 314
10 17 27 46 90 119 166 190 255 385 388
10 24 50 63 65 68 147 198 242 378 395
10 44 77 96 131 146 176 220 246 255 321
10 105 156 174 196 269 296 309 332 333 351
10 40 112 117 122 250 333 344 391 394 397
10 28 31 131 175 264 272 304 347 392 397
10 20 60 74 93 152 172 196 254 281 303
10 1 6 31 151 153 249 285 291 323 378
10 13 22 177 195 217 289 324 362 374 400
10 66 138 174 181 194 238 261 338 350 398
10 62 89 128 144 145 195 303 314 330 386
10 58 79 146 237 244 313 325 346 358 377
10 49 79 82 148 268 287 327 347 360 384
10 23 59 168 172 174 177 197 235 244 334
10 10 103 112 131 222 256 271 300 313 353
10 13 68 73 79 89 118 131 264 352 388
10 43 71 140 179 187 226 227 248 315 388
10 3 8 107 182 206 232 269 271 295 345
10 11 29 74 113 160 195 198 234 288 399
10 20 28 111 118 130 184 191 195 252 280
10 2 57 163 172 209 221 243 262 266 273
10 42 48 142 155 247 266 293 297 350 368
10 63 67 102 123 148 155 158 171 353 390
10 16 68 144 165 193 214 267 320 325 334
10 16 93 155 190 219 225 246 338 356 390
10 16 30 66 93 182 203 254 349 355 369
10 32 62 84 110 119 159 188 240 287 299
10 30 48 63 111 183 222 247 309 335 348
10 1 93 128 129 151 156 238 319 370 394
10 71 109 155 205 208 238 274 293 339 393
10 32 47 119 163 198 298 329 355 379 398
10 17 96 119 220 250 271 291 336 373 396
10 11 35 77 149 203 255 289 330 397 398
10 96 107 134 144 200 234 237 268 295 375
10 8 101 114 121 164 219 358 378 380 381
10 1 41 118 225 280 322 327 334 340 363
10 14 37 142 196 259 260 261 275 307 337
10 12 67 89 133 135 144 274 290 293 364
10 17 35 102 103 169 213 221 283 297 330
10 59 100 111 129 183 247 300 315 331 348
10 33 106 122 144 168 257 258 324 333 376
10 27 28 48 60 91 105 172 270 281 313
10 105 111 114 116 134 143 202 238 284 329
10 126 223 258 261 271 278 338 358 391 400
10 2 20 108 148 182 216 247 289 351 391
10 27 96 103 168 200 217 218 299 327 329
10 39 47 89 181 198 207 262 311 339 361
10 17 63 104 131 165 183 218 270 348 380
10 13 31 54 185 189 217 228 265 358 384
10 19 30 36 43 61 71 86 95 230 309
10 15 163 243 246 315 333 372 375 379 383
10 70 101 149 156 206 253 333 343 355 373
10 4 51 103 161 187 229 249 280 365 382
10 3 32 36 69 88 316 318 362 376 389
10 57 83 100 103 147 156 163 193 332 369
10 65 88 117 141 242 245 274 285 290 316
10 6 12 65 72 243 260 291 305 325 372
10 7 18 84 154 187 214 230 283 318 352
10 21 75 99 139 155 237 330 346 383 392
10 14 32 67 126 170 216 356 357 361 375
10 5 17 95 122 132 176 180 209 241 309
10 29 53 102 146 237 243 266 274 290 338
10 11 41 60 71 96 133 146 160 161 376
10 11 82 84 119 122 151 195 316 362 376
10 48 67 77 109 164 231 268 307 323 367
10 60 90 141 193 210 250 282 328 348 354
10 2 5 60 85 157 200 213 220 230 249
10 26 104 121 144 252 253 275 289 333 365
10 72 74 113 217 251 253 259 367 373 384
10 39 55 128 163 237 240 241 268 378 381
10 8 26 57 59 100 124 130 161 223 334
10 18 78 87 119 130 208 217 231 346 378
10 50 211 231 273 274 288 317 348 356 394
10 3 56 70 71 174 210 224 297 378 398
10 30 43 62 103 177 200 284 325 336 380
10 17 34 79 119 204 272 314 320 357 366
10 3 118 130 194 201 205 237 252 302 373
10 73 106 122 145 176 182 311 317 370 381
10 30 76 83 208 217 219 257 294 309 342
10 155 199 215 216 270 274 288 319 321 347
10 57 95 103 127 144 222 237 281 319 322
10 35 43 54 126 183 221 279 309 313 399
10 6 50 81 83 160 203 224 273 347 354
10 4 101 108 153 223 248 261 267 339 388
10 31 83 99 106 155 222 241 250 274 276
10 1 45 68 70 71 135 219 250 316 366
10 45 50 106 120 163 174 230 272 373 377
10 50 87 159 169 179 196 224 230 268 369
10 25 33 81 222 226 277 307 318 323 331
10 50 62 73 106 251 260 275 307 337 349
10 3 21 53 54 58 105 128 171 237 359
10 12 52 56 140 204 213 256 289 364 383
10 60 67 103 109 137 144 164 298 328 349
10 1 77 79 153 161 177 241 262 399 400
10 48 134 163 202 233 246 268 312 358 376
10 152 169 183 186 190 317 355 356 378 392
10 13 25 31 42 129 135 207 220 243 322
10 141 180 198 220 222 227 258 280 355 395
10 18 66 107 135 216 231 332 378 384 398
10 34 149 159 165 174 234 236 248 278 364
10 30 61 107 111 187 210 215 243 262 317
10 47 72 114 208 218 226 249 326 384 391
10 23 133 135 160 185 227 233 253 268 269
10 101 114 143 145 216 276 311 344 366 386
10 56 110 114 179 187 239 293 359 364 366
10 63 94 124 168 181 237 302 311 348 394
10 24 35 37 100 103 123 135 176 233 315
10 8 21 52 117 249 273 314 327 329 346
10 77 82 103 153 176 270 302 308 326 400
10 11 13 88 98 137 164 215 236 277 363
10 50 62 156 177 244 305 315 327 337 376
10 6 85 97 114 222 289 296 376 387 398
10 30 50 117 122 161 172 176 185 291 326
10 50 95 100 104 110 190 220 232 269 333
10 23 28 56 76 135 228 285 318 339 363
10 20 126 164 171 202 221 256 282 381 400
10 100 137 191 194 232 234 270 280 336 367
10 9 30 35 39 45 47 51 121 244 351
10 28 105 119 139 175 213 252 342 361 368
10 6 46 151 168 170 173 182 220 223 274
10 1 13 32 143 166 175 176 180 253 400
10 29 61 136 171 183 215 232 236 292 334
10 17 21 24 61 64 78 161 261 322 336
10 2 11 26 80 202 250 326 349 377 395
10 149 164 179 181 245 248 261 266 284 373
10 31 82 128 133 193 195 238 311 314 333
10 18 36 68 70 199 268 296 336 338 386
10 113 115 156 166 207 216 243 275 367 374
10 48 82 110 112 244 306 328 329 343 349
10 10 25 52 106 108 162 170 240 267 359
10 48 51 89 97 108 130 131 166 235 290
10 48 57 97 175 262 276 307 309 316 324
10 40 59 60 141 164 170 178 279 330 374
10 3 20 39 107 138 153 185 291 312 323
10 36 69 71 95 107 110 241 272 286 315
10 2 57 60 125 151 233 260 283 314 363
10 15 38 78 133 139 161 201 221 234 246
10 5 95 150 177 183 225 232 278 324 382
10 10 79 87 117 125 134 147 170 300 350
10 60 74 87 100 105 179 280 307 341 388
10 27 29 71 79 144 157 356 359 362 400
10 37 124 130 141 223 230 235 268 290 292
10 41 87 94 125 223 243 245 302 303 332
10 131 142 160 200 203 259 273 313 337 380
10 46 78 157 231 244 274 350 354 355 388
10 22 142 202 219 258 302 306 321 330 352
10 16 28 68 78 107 117 221 233 247 378
10 11 136 142 152 153 162 211 308 385 388
10 89 113 145 194 214 248 303 306 342 373
10 15 42 74 99 108 135 161 195 368 375
10 13 147 176 196 202 243 249 285 312 319
10 32 121 125 205 252 260 288 289 295 300
10 41 145 158 182 205 232 260 264 369 370
10 31 32 56 130 193 213 249 321 398 399
10 17 131 163 224 255 256 290 297 372 379
10 10 59 78 125 132 161 165 204 224 371
10 1 32 107 153 189 237 360 366 384 397
10 18 29 30 109 127 194 277 289 329 365
10 11 115 162 187 221 239 263 312 357 359
10 81 86 94 130 188 243 323 325 342 389
10 60 71 115 127 178 270 279 293 336 365
10 2 61 64 75 171 174 194 255 315 352
10 5 87 102 154 181 195 330 338 347 389
10 113 164 188 238 239 280 338 339 342 392
10 41 43 74 83 117 163 177 207 363 377
10 29 62 90 169 219 236 265 331 362 363
10 20 87 231 238 245 247 278 303 356 365
10 98 107 162 188 196 238 254 296 308 383
10 22 164 225 292 306 338 346 366 380 391
10 63 68 84 110 178 196 257 279 298 332
10 31 82 88 131 168 185 201 260 322 341
10 31 96 121 126 210 252 256 292 326 356
10 21 22 56 206 256 269 334 347 366 377
10 83 87 102 179 202 217 314 318 346 352
10 55 66 86 112 120 207 250 287 294 325
10 40 72 140 227 271 319 326 357 382 386
10 10 41 95 114 126 137 231 246 319 382
10 33 41 55 61 72 147 235 246 268 283
10 69 74 132 179 305 324 339 343 354 358
10 66 86 126 171 208 240 268 270 301 334
10 163 168 188 213 258 296 308 348 374 376
10 120 135 216 218 231 320 348 359 374 379
10 74 79 105 152 215 247 275 281 314 392
10 23 120 144 160 174 224 226 300 308 322
10 30 171 178 186 196 236 279 302 305 354
10 12 72 99 100 162 276 300 302 346 363
10 45 69 84 121 142 190 210 247 315 360
10 1 5 193 201 248 319 327 376 384 391
10 60 68 119 167 172 182 184 226 241 382
10 27 35 38 72 140 223 250 251 338 396
10 20 57 61 232 246 265 274 299 326 378
10 72 73 74 94 98 203 209 266 286 364
10 75 115 220 245 282 318 371 373 387 398
10 50 87 90 140 173 244 284 312 318 335
10 51 61 166 172 180 270 280 346 367 378
10 19 64 102 160 223 260 349 356 373 381
10 14 36 69 112 138 187 190 195 218 307
10 41 59 70 84 100 129 133 218 328 392
10 54 75 103 201 221 224 298 319 327 364
10 8 86 219 247 251 253 280 282 311 349
10 1 51 52 169 232 273 335 342 386 395
10 48 70 127 139 190 258 275 308 342 387
10 80 117 144 169 182 195 201 275 370 386
10 7 52 58 59 147 169 266 318 319 379
10 44 112 144 163 167 214 285 311 324 363
10 22 27 40 56 157 216 229 267 292 354
10 8 35 47 104 113 173 240 278 311 359
10 9 78 92 98 243 273 295 339 394 395
10 25 39 63 93 113 114 195 209 362 399
10 21 40 64 121 190 245 249 283 332 378
10 59 66 117 125 229 270 316 322 379 385
10 49 189 217 287 301 319 320 354 362 375
10 65 66 83 125 147 198 256 266 306 367
10 80 93 160 192 203 211 223 251 290 353
10 3 9 53 72 73 125 152 186 312 371
10 9 43 155 171 228 269 295 296 299 302
10 75 81 106 138 143 211 236 290 365 400
10 25 46 58 153 171 194 229 302 366 372
10 15 72 85 210 247 254 324 340 387 393
10 97 104 113 131 186 264 287 335 352 377
10 13 43 94 138 149 197 231 287 325 347
10 6 146 148 156 164 167 172 282 357 396
10 91 100 158 255 274 277 278 286 350 381
10 23 101 142 189 251 266 271 311 326 378
10 34 43 72 109 121 187 190 227 276 322
10 39 101 162 163 203 214 216 298 364 392
10 24 48 62 87 101 113 159 293 333 371
10 31 105 117 174 189 192 239 254 315 333
10 101 115 267 272 276 312 319 320 353 367
10 3 16 22 34 96 184 205 225 268 369
10 21 31 103 143 164 167 274 279 302 395
10 52 81 84 149 244 253 284 295 349 370
10 62 84 113 155 249 261 301 329 374 393
10 71 118 119 153 160 196 295 374 398 399
10 85 143 144 155 187 267 312 331 355 365
10 3 54 113 179 218 253 256 258 327 393
10 30 45 90 135 139 171 186 324 345 349
10 68 108 150 162 224 242 289 323 329 388
10 61 87 162 170 179 206 208 267 284 362
10 19 134 146 171 191 192 315 356 384 389
10 23 59 101 103 146 160 266 283 355 395
10 32 47 99 120 135 185 271 322 368 382
10 8 20 76 110 159 201 207 317 319 327
10 41 105 132 170 237 238 275 300 333 389
10 83 91 100 110 121 143 165 199 355 391
10 2 29 49 69 129 191 238 247 384 391
10 52 61 251 252 255 264 296 309 325 327
10 55 99 127 140 165 178 225 240 306 383
10 12 37 96 113 152 219 280 312 343 400
10 2 57 83 109 139 163 187 190 324 350
10 14 39 112 117 143 209 212 218 227 359
10 73 97 195 218 238 251 291 328 341 356
10 30 48 101 146 167 171 283 293 328 365
10 17 97 142 148 150 262 306 309 338 389
10 44 61 191 193 199 219 242 248 256 296
10 46 134 159 176 189 199 228 270 364 383
10 69 85 126 235 242 293 314 315 360 386
10 3 5 24 60 105 131 148 243 356 394
10 37 45 69 85 125 130 147 190 226 346
10 62 72 99 114 144 311 315 354 357 397
10 2 77 87 169 174 249 287 289 322 385
10 80 115 163 177 269 272 286 294 296 377
10 84 96 132 150 213 256 259 269 357 400
10 24 26 32 65 83 191 211 234 314 347
10 84 85 97 134 158 197 215 311 328 367
10 85 100 115 133 170 207 260 267 278 302
10 151 160 167 170 224 233 244 267 324 344
10 25 45 150 162 219 275 317 372 383 399
10 15 58 156 197 204 214 274 337 377 394
10 7 10 59 91 126 171 271 281 290 300
10 59 159 185 229 247 256 259 270 328 341
10 4 42 63 84 110 126 131 134 148 376
10 14 21 53 61 100 117 146 183 337 359
10 9 16 106 124 150 151 153 269 273 367
10 31 117 249 255 314 327 332 355 393 396
10 22 25 58 72 156 166 188 262 290 364
10 37 126 132 161 167 168 207 213 221 291
10 20 78 83 147 176 190 209 235 245 329
10 8 28 37 95 101 203 234 285 319 341
10 13 57 73 107 111 116 130 280 378 384
10 114 162 205 225 276 306 344 351 371 380
10 15 28 190 229 284 355 363 378 392 399
10 50 66 83 89 135 197 237 253 273 353
10 51 52 78 91 135 183 223 224 256 322
10 40 42 74 134 141 266 283 295 332 397
10 8 14 28 36 184 212 223 288 308 346
10 67 70 131 135 153 167 168 179 317 355
10 5 71 83 103 124 145 157 267 273 369
10 10 92 101 137 178 191 234 344 351 369
10 5 18 118 121 141 170 256 271 349 357
10 36 57 70 119 174 200 227 271 300 380
10 43 78 128 180 181 227 322 323 343 376
10 72 92 190 203 245 272 291 328 335 398
10 1 74 135 148 260 292 323 332 345 385
10 6 16 51 57 91 233 244 294 323 340
10 15 63 102 142 201 212 239 255 286 380
10 12 29 40 56 58 107 168 196 262 378
10 85 86 99 108 134 215 273 303 340 363
10 32 36 85 91 114 150 226 245 300 374
10 56 66 139 181 195 212 241 329 336 386
10 7 46 120 298 302 308 309 330 337 382
10 46 163 172 179 191 205 260 323 375 379
10 4 6 16 60 93 118 143 152 261 268
10 25 30 65 124 237 242 278 296 300 383
10 2 29 65 80 174 221 337 342 353 400
10 69 84 176 193 195 237 251 298 317 391
10 27 37 110 143 180 284 288 310 370 398
10 28 35 84 96 167 191 198 291 295 342
10 1 70 95 117 167 188 274 286 374 390
10 6 44 65 153 178 202 243 268 271 349
10 24 34 62 145 160 163 263 285 340 360
10 31 39 61 245 258 295 303 311 336 343
10 18 63 69 132 188 209 242 297 329 398
10 2 28 30 57 222 250 268 271 278 324
10 52 72 107 119 138 168 184 234 377 382
10 1 9 162 179 202 228 328 353 366 379
10 34 38 148 209 221 239 268 321 336 395
10 2 24 98 142 145 259 265 333 356 396
10 80 121 141 228 303 306 327 340 376 396
10 27 93 117 166 188 210 226 251 340 363
10 24 55 137 156 192 216 277 314 375 393
10 12 46 202 234 247 254 300 373 375 395
10 42 64 81 111 114 128 175 197 253 397
10 33 76 93 103 209 212 215 328 350 351
10 58 79 87 96 127 153 177 188 287 357
10 10 38 84 90 151 175 210 225 269 368
10 32 40 131 158 180 252 305 334 352 379
10 26 100 133 136 148 151 289 302 327 352
10 66 81 83 137 152 246 284 287 303 322
10 1 2 56 72 133 172 210 257 391 399
10 8 46 51 108 151 230 257 277 360 368
10 7 38 140 210 238 291 315 359 362 400
10 37 140 157 231 257 285 295 297 300 373
10 34 84 92 101 108 117 138 180 280 340
10 44 49 140 170 217 245 293 340 381 389
10 22 105 137 142 167 175 194 240 250 334
10 12 68 71 89 146 165 192 213 224 265
10 83 143 225 313 324 325 383 384 385 399
10 44 67 132 177 247 265 311 318 343 376
10 79 96 121 127 139 218 225 333 361 384
10 37 55 88 93 127 155 255 273 311 338
10 42 140 154 162 174 204 205 232 251 294
10 17 89 116 124 131 143 155 319 335 361
10 10 12 38 82 186 195 204 339 354 367
10 45 52 102 120 125 222 272 301 305 365
10 14 44 61 151 157 191 195 247 284 376
10 8 10 80 199 228 231 267 275 360 377
10 80 116 119 210 317 331 333 352 370 371
10 94 96 131 138 140 176 209 240 256 280
10 7 129 160 233 251 253 315 317 351 395
10 75 218 249 255 291 304 315 324 338 373
10 48 55 73 102 194 204 264 287 298 382
10 22 31 56 136 146 211 279 282 294 393
10 64 96 152 159 168 198 209 224 306 356
10 47 78 139 147 162 213 226 261 272 343
10 141 191 201 231 283 311 316 351 376 380
10 63 94 136 147 149 171 174 229 267 354
10 13 14 78 134 190 202 362 375 385 394
10 97 98 102 117 150 167 197 216 293 313
10 18 37 214 222 229 238 325 332 358 384
10 58 105 113 166 168 222 259 281 284 301
10 32 34 51 82 110 154 185 220 302 337
10 13 15 25 107 119 124 127 211 319 334
10 18 43 92 161 162 326 363 371 377 399
10 13 86 91 127 178 213 234 238 371 391
10 37 122 128 259 293 301 341 356 384 397
10 55 80 146 211 253 281 344 348 358 363
10 8 94 139 194 204 209 245 301 341 387
10 94 111 138 196 276 309 315 331 362 370
10 11 16 122 209 211 223 231 306 377 388
10 17 114 123 198 224 268 331 361 380 384
10 6 96 122 148 222 249 287 360 366 388
10 108 118 156 174 215 273 275 295 310 357
10 38 119 160 181 185 223 232 288 359 388
10 17 18 59 96 149 177 317 344 348 354
10 6 22 84 85 165 166 295 315 361 366
10 65 116 129 179 198 221 252 253 344 350
10 25 100 103 254 255 301 311 315 372 396
10 58 129 267 298 304 311 350 374 395 396
10 4 55 111 191 231 305 310 323 330 352
10 1 67 92 93 144 166 222 265 286 308
10 22 28 150 168 170 184 217 320 373 387
10 14 33 93 141 169 172 183 222 233 309
10 69 134 200 248 292 295 344 356 377 389
10 40 59 73 99 158 286 359 365 390 396
10 2 33 68 162 226 232 243 341 355 379
10 13 15 32 43 48 49 95 197 212 321
10 82 86 157 187 280 300 305 312 349 365
10 14 29 37 82 128 167 186 223 229 294
10 169 174 188 189 229 239 243 319 357 378
10 59 142 152 170 197 237 286 301 307 312
10 93 112 131 135 149 176 256 284 377 392
10 64 130 132 137 149 150 157 173 267 332
10 31 32 115 136 148 192 204 247 333 353
10 14 34 36 177 186 188 286 353 354 388
10 25 34 84 124 165 267 316 320 331 387
10 11 24 51 100 188 216 295 321 343 346
10 67 104 153 162 200 251 256 306 330 394
10 16 34 62 151 176 199 291 333 336 350
10 6 11 45 76 82 277 278 310 311 337
10 53 98 119 153 163 171 190 197 230 336
10 175 202 259 286 290 299 324 339 361 374
10 3 24 38 101 148 180 217 227 309 321
10 25 40 48 179 286 287 326 339 350 389
10 28 77 144 169 174 204 218 270 380 386
10 58 84 102 106 239 241 245 262 323 375
10 32 81 99 282 302 323 326 374 393 398
10 12 43 112 120 177 200 201 217 310 322
10 2 21 48 62 91 128 136 146 290 399
10 98 133 141 188 212 265 281 284 317 359
10 27 122 155 168 258 263 297 313 341 378
10 55 116 158 188 240 288 307 332 380 396
10 19 105 213 216 225 235 254 286 320 355
10 43 86 94 107 186 291 308 325 348 373
10 10 48 90 99 128 132 192 197 310 370
10 73 85 86 154 243 303 315 324 329 361
10 37 46 86 184 206 233 236 305 314 375
10 77 86 89 203 256 257 263 294 312 353
10 80 137 140 262 293 308 314 330 356 399
10 68 80 91 96 177 210 269 347 375 376
10 59 71 93 117 179 205 260 314 324 366
10 38 86 189 198 238 271 279 320 365 398
10 21 25 27 66 156 273 280 341 355 378
10 38 59 69 114 141 175 240 254 257 394
10 4 23 70 140 183 244 279 360 363 364
10 27 59 61 107 174 216 300 341 371 379
10 5 56 73 83 88 90 163 289 298 395
10 15 36 67 78 206 266 272 283 338 361
10 2 29 132 137 170 178 192 198 250 384
10 38 77 123 211 217 270 318 331 345 369
10 51 107 184 236 349 365 382 391 394 400
10 56 90 115 183 204 229 260 273 283 328
10 115 194 243 247 284 296 305 313 325 380
10 14 66 73 150 225 254 278 363 367 380
10 12 26 53 58 98 114 157 218 270 362
10 6 23 29 83 99 113 126 286 373 391
10 30 68 115 186 233 245 273 284 305 343
10 37 54 161 181 285 302 350 353 387 393
10 26 44 45 115 156 250 277 305 338 364
10 20 73 115 128 136 161 163 307 355 371
10 6 15 16 82 88 111 175 259 383 392
10 75 97 186 191 257 272 276 308 342 396
10 50 69 88 109 154 196 250 352 386 394
10 43 83 88 104 121 294 307 323 342 352
10 16 28 58 87 131 140 226 275 327 349
10 124 180 198 199 224 264 296 319 380 387
10 40 119 129 143 185 230 243 266 313 317
10 13 28 32 76 99 115 219 230 260 360
10 38 52 69 81 89 116 117 278 285 399
10 24 68 114 159 257 269 296 302 304 324
10 26 30 87 112 177 182 262 323 344 399
10 57 58 127 232 281 287 309 366 367 391
10 63 84 116 132 192 283 328 367 377 391
10 13 17 27 74 140 312 316 348 353 360
10 16 33 35 78 154 213 257 347 367 372
10 26 54 112 152 186 255 264 316 368 395
10 7 71 120 123 147 166 167 240 310 342
10 72 84 158 177 190 291 304 333 356 361
10 33 40 117 163 204 236 274 345 372 382
10 53 138 140 166 221 245 252 310 326 327
10 51 61 101 188 202 218 290 331 382 397
10 51 91 147 168 184 186 214 231 310 339
10 96 125 149 150 163 182 204 254 317 362
10 79 133 191 207 212 240 322 340 374 397
10 20 25 159 201 231 275 303 340 350 400
10 10 33 49 127 148 175 190 191 204 346
10 23 106 125 143 149 169 202 206 287 387
10 26 29 89 149 199 205 265 321 330 354
10 48 58 105 141 219 233 275 300 332 341
10 11 32 69 134 184 202 239 244 291 330
10 4 116 119 139 227 256 277 345 382 383
10 5 41 79 86 135 139 322 334 346 357
10 9 41 49 88 112 148 150 261 306 365
10 38 51 70 129 176 184 232 297 302 335
10 6 13 48 56 63 118 123 194 282 326
10 37 71 92 110 181 305 329 331 348 358
10 20 56 250 280 316 322 357 364 393 394
10 62 139 177 196 203 212 215 230 235 391
10 28 35 161 198 281 307 309 343 344 382
10 30 59 110 182 235 273 341 357 360 382
10 10 11 108 200 202 242 286 290 310 378
10 40 62 88 104 116 213 272 283 304 399
10 9 35 75 122 148 225 246 297 372 375
10 22 64 74 187 218 246 267 268 342 366
10 24 27 39 239 244 245 249 278 361 391
10 63 67 121 151 239 249 252 268 379 385
10 53 96 111 118 149 161 237 247 277 373
10 22 151 159 181 207 220 233 342 357 364
10 24 69 100 110 144 167 199 204 316 387
10 3 55 56 156 167 183 262 278 362 380
10 77 82 200 217 258 279 290 347 355 366
10 10 11 35 36 67 90 92 114 291 313
10 34 56 61 82 210 281 294 312 324 355
10 39 76 81 86 279 299 314 323 358 379
10 19 90 169 182 202 209 258 320 371 378
10 8 29 68 116 179 205 297 301 318 386
10 28 63 109 134 189 199 209 230 248 259
10 11 15 17 41 165 166 220 296 313 355
10 2 85 150 219 223 239 246 252 345 363
10 34 43 138 149 183 216 232 309 341 381
10 44 67 82 144 169 216 241 282 300 393
10 32 84 92 93 115 192 214 216 279 284
10 21 44 85 96 138 205 222 226 263 334
10 19 27 55 80 86 92 135 269 329 357
10 120 127 128 212 220 221 262 264 322 395
10 55 100 111 126 173 222 232 260 362 377
10 13 29 52 67 101 173 305 322 349 397
10 101 118 203 220 230 257 288 295 304 338
10 18 35 47 151 307 329 339 346 351 364
10 41 42 49 124 135 170 196 203 260 326
10 63 68 106 189 226 229 263 334 346 374
10 23 29 126 175 179 201 239 244 262 338
10 23 39 65 73 74 108 289 290 343 370
10 6 36 56 185 199 245 262 278 332 350
10 74 110 113 115 220 240 248 344 371 397
10 34 189 200 202 238 253 290 333 365 400
10 30 82 107 154 213 220 315 349 356 397
10 112 115 155 170 221 258 295 304 355 379
10 50 51 113 122 205 242 332 339 371 395
10 44 58 63 148 201 275 285 293 348 400
10 20 49 101 151 187 241 286 314 337 352
10 11 44 70 96 207 256 283 336 353 363
10 165 178 184 201 205 224 277 284 311 325
10 47 61 90 140 143 203 215 228 242 247
10 62 137 188 239 264 267 287 332 344 392
10 75 77 100 180 244 250 262 279 311 312
10 40 46 53 74 166 168 244 291 320 385
10 23 50 95 143 162 176 244 274 295 344
10 14 135 153 196 204 222 259 267 276 372
10 10 52 172 185 186 196 342 353 366 382
10 4 42 63 67 150 168 293 304 374 400
10 13 36 43 72 156 171 183 260 307 348
10 111 140 148 178 187 210 243 291 313 322
10 50 59 73 76 182 195 204 251 308 310
10 3 27 29 53 138 141 184 276 312 380
10 13 47 87 96 206 231 281 291 306 347
10 61 79 173 183 189 219 230 264 355 371
10 88 155 170 172 191 212 223 279 363 382
10 100 103 120 126 144 269 290 372 374 387
10 16 80 92 103 133 146 215 287 333 334
10 10 13 45 89 142 167 243 248 250 306
10 7 26 75 180 217 307 320 341 358 376
10 14 25 142 179 193 253 297 315 353 368
10 18 30 35 162 196 257 289 335 360 382
10 26 88 96 193 268 271 276 290 306 326
10 19 90 105 231 234 320 339 361 365 400
10 1 75 91 106 115 149 168 223 226 236
10 19 54 134 190 198 279 300 307 340 387
10 28 44 81 88 98 206 252 256 286 315
10 17 39 48 97 198 232 243 283 324 362
10 14 119 122 139 172 185 186 269 276 299
10 88 114 152 156 193 205 213 254 339 362
10 7 45 78 81 172 188 209 245 336 367
10 48 139 168 176 181 185 315 335 341 386
10 32 33 118 159 164 223 260 264 359 382
10 65 142 163 186 210 266 320 338 373 398
10 12 86 88 187 204 230 241 258 302 388
10 43 142 159 190 233 300 328 330 333 341
10 128 163 175 187 207 214 240 288 325 340
10 73 105 119 155 171 182 186 198 328 394
10 104 182 199 210 275 283 301 363 372 392
10 8 45 120 174 177 201 224 269 294 372
10 19 49 59 92 211 230 235 240 316 392
10 9 38 53 118 146 149 189 263 281 289
10 8 21 109 186 195 235 236 271 293 371
10 43 47 83 121 164 187 291 303 350 390
10 19 25 59 95 120 135 200 293 318 350
10 53 90 145 154 210 283 310 312 330 344
10 39 107 114 127 151 176 179 224 253 334
10 79 86 99 123 276 281 284 285 349 393
10 29 74 89 151 170 214 361 366 382 384
10 40 53 72 90 93 244 260 283 330 386
10 86 129 152 195 202 228 256 290 327 343
10 10 16 21 23 132 164 301 309 313 365
10 7 27 46 133 166 279 321 340 389 394
10 80 105 135 159 190 202 208 237 273 290
10 3 47 74 75 174 226 279 307 325 400
10 23 40 71 82 83 148 215 285 293 371
10 29 31 34 107 111 120 229 264 353 392
10 32 62 73 136 175 183 209 326 371 399
10 1 9 127 162 178 207 208 266 385 388
10 4 12 80 82 178 231 252 298 351 361
10 25 93 100 117 135 169 178 309 364 368
10 81 108 239 258 260 299 301 307 342 382
10 7 49 107 138 156 198 201 243 297 307
10 9 32 34 65 83 126 136 180 246 278
10 17 28 71 130 136 185 203 296 316 322
10 8 107 110 167 204 210 350 356 382 391
10 5 19 35 44 52 92 222 240 362 388
10 76 80 142 144 180 209 261 286 344 366
10 19 42 73 107 248 252 261 267 305 364
10 29 41 170 185 235 274 344 345 347 381
10 56 76 95 188 218 220 251 333 360 379
10 13 132 190 194 206 212 252 283 290 361
10 20 125 244 257 327 347 358 370 386 398
10 3 85 90 133 140 228 252 291 316 386
10 5 73 127 142 154 177 221 277 330 345
10 7 23 122 123 141 237 254 340 383 386
10 2 55 95 255 288 321 339 344 390 395
10 10 41 53 59 114 121 233 305 327 364
10 17 70 78 88 148 169 266 316 341 393
10 16 39 64 79 81 166 202 270 276 335
10 19 71 133 140 146 196 228 323 327 360
10 22 63 82 143 157 187 251 317 331 373
10 18 33 58 132 173 306 313 332 343 390
10 5 33 49 77 127 139 178 238 305 365
10 5 21 78 105 121 133 150 186 268 346
10 6 28 73 93 124 138 145 171 185 309
10 81 88 96 134 252 271 315 316 352 375
10 54 112 136 172 232 308 337 383 386 395
10 154 214 230 236 302 303 331 349 359 384
10 15 24 132 142 180 203 220 291 376 398
10 32 113 123 195 200 262 295 321 365 389
10 46 130 182 185 193 220 310 341 360 390
10 61 100 128 201 241 252 267 299 332 393
10 14 124 178 206 274 314 319 334 372 399
10 8 23 173 189 205 224 249 278 330 356
10 78 91 219 226 233 296 332 350 375 396
10 106 144 174 272 317 320 328 337 378 383
10 10 31 130 150 168 189 208 212 282 374
10 18 22 51 205 220 278 310 318 362 370
10 14 70 74 155 164 197 277 325 360 366
10 72 77 162 173 196 242 249 267 354 380
10 46 79 158 172 174 199 264 270 349 373
10 67 81 92 119 170 231 241 298 348 396
10 27 49 65 68 108 215 216 360 383 390
10 15 65 154 183 245 247 250 361 370 391
10 40 98 106 205 224 256 284 304 332 336
10 3 7 22 60 147 252 284 293 381 383
10 29 30 76 115 217 240 245 263 281 350
10 11 156 199 223 226 275 322 332 338 347
10 35 62 215 245 248 279 292 312 352 384
10 66 113 116 203 219 231 257 266 285 371
10 14 35 69 149 150 198 272 360 371 374
10 15 41 121 126 192 287 328 381 383 397
10 3 24 77 94 99 252 303 344 379 384
10 14 115 122 173 201 206 288 297 301 361
10 38 39 172 179 209 279 341 346 348 391
10 71 91 129 176 201 207 263 281 297 327
10 1 62 72 185 190 231 232 342 343 366
10 112 148 159 197 202 292 316 373 396 397
10 5 7 25 87 151 212 216 288 299 357
10 155 199 203 269 277 280 324 369 378 397
10 30 71 84 129 178 183 233 277 351 357
10 13 37 47 86 97 126 179 260 344 349
10 36 64 93 134 143 193 227 273 278 309
10 59 92 102 202 207 246 253 269 272 360
10 60 93 116 128 229 278 314 351 362 367
10 32 49 66 69 116 151 175 212 323 383
10 30 49 75 108 120 255 274 360 388 390
10 85 104 173 217 264 267 279 304 310 351
10 25 37 54 191 198 199 207 226 288 363
10 16 74 132 216 220 240 245 255 313 314
10 20 90 115 148 154 223 234 316 325 400
10 25 58 110 135 208 219 241 244 329 385
10 6 21 45 57 111 180 191 230 272 335
10 54 115 163 164 182 213 233 257 259 303
10 104 108 118 141 214 225 283 340 353 358
10 7 65 66 120 146 194 234 260 393 400
10 62 66 106 127 161 258 278 297 382 392
10 17 79 96 148 165 167 194 242 361 370
10 4 33 67 119 203 234 236 266 367 391
10 13 26 29 65 73 96 155 206 318 365
10 9 20 37 50 85 96 122 221 351 380
10 6 33 65 76 105 134 192 243 271 341
10 145 260 270 297 338 348 351 385 386 395
10 52 53 93 129 197 224 284 308 316 351
10 1 10 23 66 92 137 184 288 295 321
10 9 46 62 120 252 253 284 309 362 368
10 26 142 190 218 232 313 377 387 392 393
10 91 102 130 131 219 225 243 259 339 372
10 34 39 63 67 126 217 255 297 386 390
10 22 50 56 81 182 220 249 330 370 389
10 30 55 117 135 176 240 274 278 354 381
10 15 51 123 166 193 205 314 321 322 370
10 27 42 103 107 168 222 227 228 372 387
10 114 122 141 172 177 214 220 275 346 389
10 5 37 130 136 138 161 183 195 359 369
10 48 64 75 128 176 192 219 269 324 365
10 38 93 133 173 229 287 325 347 358 368
10 17 89 93 206 214 260 300 307 340 368
10 8 45 54 95 136 156 196 220 355 378
10 52 93 234 286 291 295 318 366 388 397
10 25 33 51 63 75 128 222 227 265 320
10 19 50 57 109 115 152 177 277 366 397
10 9 10 36 124 194 196 253 270 300 308
10 28 41 42 60 94 97 104 287 372 374
10 69 178 187 212 214 302 341 380 393 399
10 57 94 145 203 206 299 308 323 378 392
10 8 67 109 166 227 248 252 314 334 391
10 15 36 43 53 124 195 224 236 245 294
10 20 21 46 224 237 241 307 331 397 400
10 10 79 101 165 185 266 284 364 367 399
10 55 68 119 120 170 179 240 241 325 350
10 46 74 80 90 96 189 219 284 324 336
10 11 118 151 167 215 218 225 272 286 364
10 6 66 99 106 122 137 148 277 385 393
10 19 30 147 163 175 198 258 320 322 371
10 9 50 57 167 186 210 250 305 339 393
10 51 58 61 85 97 133 136 206 385 388
10 29 61 99 110 158 199 223 237 268 275
10 52 100 123 147 169 250 288 301 317 364
10 51 141 151 163 201 212 244 251 302 377
10 12 24 49 53 152 184 198 207 262 308
10 59 142 159 201 264 323 337 357 384 398
10 105 130 153 188 235 256 295 335 346 369
10 72 138 154 197 234 259 321 323 357 360
10 66 72 116 187 214 229 236 302 307 398
10 31 41 92 127 232 264 281 307 381 394
10 107 159 220 229 271 303 312 331 350 359
10 15 83 151 157 297 311 314 342 349 365
10 19 70 81 150 166 196 201 233 276 328
10 27 110 204 225 267 277 346 358 368 387
10 19 61 80 91 116 243 271 290 323 391
10 5 44 49 60 63 75 84 123 285 305
10 53 90 120 165 169 193 208 266 296 341
10 77 106 165 180 226 250 276 332 343 349
10 5 34 41 97 142 159 261 292 374 379
10 58 102 135 151 182 284 304 306 337 368
10 9 21 90 105 185 193 252 282 292 361
10 20 42 100 109 118 141 169 171 184 224
10 52 97 98 122 139 173 184 218 231 310
10 9 19 23 27 130 177 192 292 335 375
10 19 51 144 176 182 304 312 318 335 365
10 14 19 69 80 90 160 228 271 381 389
10 6 12 79 106 116 200 306 345 379 395
10 13 21 39 40 49 178 191 217 236 239
10 49 53 74 77 171 185 212 262 357 378
10 3 49 57 132 135 164 214 355 365 381
10 25 134 177 180 271 301 304 332 337 363
10 4 30 75 119 166 253 342 349 385 400
10 22 115 116 141 165 173 190 312 316 392
10 4 54 80 145 183 228 291 376 380 387
10 5 37 55 108 173 204 260 308 374 376
10 36 49 92 99 174 188 208 300 306 370
10 148 176 194 222 289 310 333 367 384 386
10 6 165 217 232 279 296 309 339 378 380
10 8 42 160 165 211 251 266 280 301 386
10 13 20 67 127 155 183 228 279 287 296
10 22 27 47 81 138 152 173 233 284 355
10 70 113 173 200 239 251 267 327 351 398
10 50 98 123 140 156 188 236 246 283 398
10 2 95 118 195 225 235 294 307 332 399
10 10 68 90 97 185 276 322 330 345 387
10 40 127 188 201 214 228 273 334 390 392
10 98 185 234 254 258 276 284 341 368 394
10 59 102 137 157 258 273 292 300 328 337
10 44 57 92 119 131 157 251 301 315 318
10 1 15 183 210 288 298 299 342 348 368
10 2 6 7 112 181 197 222 296 363 394
10 22 33 176 178 189 234 241 266 345 386
10 25 32 56 73 81 90 112 133 199 393
10 11 47 76 80 140 142 187 192 265 390
10 5 70 112 114 119 237 259 306 316 369
10 22 66 138 172 178 223 229 271 369 394
10 41 80 102 104 135 201 239 256 340 362
10 18 37 52 54 164 183 214 254 263 352
10 21 30 36 95 111 123 133 136 186 201
10 63 86 97 98 111 174 194 243 375 398
10 11 28 76 110 146 158 198 199 266 325
10 17 86 212 221 250 255 288 321 330 353
10 1 48 104 106 167 200 229 308 338 359
10 72 95 109 164 221 244 263 268 294 304
10 7 21 87 101 105 213 234 364 367 393
10 61 140 168 177 197 210 231 273 292 367
10 15 23 74 78 110 157 158 222 257 345
10 69 76 102 104 174 196 232 249 354 360
10 106 112 120 170 185 194 230 275 319 367
10 13 28 84 123 164 253 263 282 330 367
10 12 53 104 105 125 156 186 199 241 251
10 64 95 146 151 174 189 215 280 366 395
10 31 87 230 284 285 299 323 337 351 377
10 14 50 64 79 119 124 131 182 386 393
10 5 23 45 133 141 208 284 296 354 361
10 16 139 151 160 206 213 312 345 370 371
10 54 78 92 115 145 151 213 230 286 288
10 41 71 125 150 179 209 229 348 349 387
10 2 105 141 161 170 196 200 212 312 357
10 52 112 118 141 151 169 208 261 334 359
10 66 118 181 221 265 270 302 344 349 368
10 172 191 196 199 220 245 254 279 320 394
10 12 93 109 132 156 197 227 249 256 364
10 44 46 68 126 165 308 361 372 374 383
10 7 9 16 88 112 206 238 243 270 320
10 85 103 118 124 210 277 287 336 379 390
10 42 89 107 166 224 238 248 262 336 345
10 17 73 103 116 150 162 175 269 274 344
10 13 20 25 50 81 218 237 246 327 335
10 33 52 99 102 198 221 280 316 340 390
10 35 90 96 170 175 187 254 282 307 351
10 68 70 109 128 162 192 235 262 267 350
10 3 173 190 227 240 291 303 340 345 400
10 34 43 109 126 147 203 221 244 291 292
10 41 79 166 169 194 238 247 319 345 368
10 35 44 48 70 145 258 295 296 300 312
10 8 32 101 168 242 304 309 314 325 366
10 16 43 47 212 234 280 289 292 338 377
10 18 23 32 105 142 176 207 246 277 332
10 55 76 88 111 149 164 165 217 300 388
10 12 41 60 85 151 167 239 262 372 394
10 37 86 137 171 177 233 270 361 380 386
10 16 130 140 211 230 259 266 278 347 377
10 117 168 201 303 313 333 357 366 367 390
10 29 91 114 116 126 138 193 202 293 396
10 23 49 59 162 171 213 290 336 344 369
10 17 61 83 178 197 208 295 327 347 391
10 16 122 227 233 278 312 358 373 384 394
10 23 25 132 150 219 251 253 255 310 390
10 32 38 70 74 130 234 249 260 288 328
10 8 9 106 122 170 311 313 332 346 394
10 17 24 85 116 126 180 272 281 289 302
10 8 36 72 154 163 246 316 328 360 369
10 25 139 162 164 216 228 267 327 386 387
10 28 76 231 293 300 318 323 326 333 349
10 44 56 96 104 112 145 214 216 304 340
10 7 29 226 255 280 298 306 321 326 375
10 4 111 143 160 228 326 343 346 352 396
10 23 81 146 160 178 202 249 330 369 392
10 12 19 64 164 193 196 202 237 363 389
10 30 38 42 47 219 288 299 312 317 352
10 34 45 65 95 184 188 209 218 321 326
10 79 89 111 142 149 203 208 220 274 337
10 28 74 137 174 225 240 248 273 310 328
10 37 54 80 114 118 122 154 183 348 385
10 35 102 135 230 278 322 349 361 388 392
10 66 120 147 150 238 265 296 299 308 360
10 51 83 106 159 254 260 271 299 313 370
10 1 9 28 29 57 60 68 178 317 360
10 78 104 119 147 153 232 288 326 341 388
10 29 109 149 165 175 176 258 326 353 366
10 14 62 101 107 160 267 279 290 387 389
10 67 77 147 159 167 176 226 264 279 324
10 8 12 16 113 214 243 267 317 338 366
10 2 47 78 152 174 188 193 232 303 319
10 64 103 189 255 260 278 296 300 308 342
10 53 171 188 227 279 339 358 382 386 394
10 63 85 111 174 194 212 258 264 341 400
10 26 32 47 58 106 156 212 295 336 378
10 43 74 88 122 131 148 156 158 172 226
10 76 81 103 137 139 155 218 330 338 383
10 42 50 121 130 137 143 217 325 381 385
10 4 18 99 137 177 194 273 303 320 361
10 4 111 118 129 208 239 251 300 324 395
10 39 45 46 97 221 259 293 314 321 364
10 21 86 195 217 245 251 265 266 352 363
10 97 171 177 179 196 207 281 298 375 399
10 57 160 200 232 282 376 383 387 388 391
10 20 34 210 212 264 265 296 367 387 399
10 21 115 120 134 202 227 239 278 374 387
10 53 54 65 81 119 152 162 266 362 376
10 35 60 65 81 117 167 229 286 288 306
10 27 108 132 182 217 258 274 292 377 395
10 30 80 119 145 160 250 263 264 320 389
10 30 64 74 133 258 271 304 321 330 339
10 21 43 179 195 231 271 275 375 378 384
10 96 115 140 154 191 270 327 351 364 379
10 47 72 106 119 134 262 293 303 362 366
10 76 90 106 181 188 215 263 298 354 362
10 40 48 189 227 263 276 303 306 359 396
10 11 35 204 236 256 275 300 326 328 353
10 43 182 189 198 211 259 297 353 364 374
10 5 22 23 66 124 154 195 256 261 385
10 137 149 155 158 203 259 275 331 339 340
10 77 112 150 210 296 319 327 332 344 362
10 35 116 120 165 171 196 231 310 312 322
10 47 50 53 113 116 182 297 328 330 379
10 25 91 173 205 213 272 292 317 380 386
10 23 25 85 100 155 173 180 215 286 391
10 4 9 52 96 103 139 183 258 319 366
10 36 67 166 170 206 207 224 250 284 343
10 27 58 63 97 115 123 204 248 296 330
10 31 137 157 227 235 277 289 312 330 339
10 50 110 119 242 247 314 371 375 385 395
10 3 114 164 184 235 245 268 276 283 352
10 20 26 45 70 126 188 253 274 294 367
10 37 43 53 56 104 147 188 201 220 329
10 28 60 82 91 99 153 157 236 293 353
10 3 79 95 109 141 189 201 232 325 336
10 26 29 58 64 133 243 270 279 289 395
10 6 91 112 188 194 225 229 249 307 331
10 7 24 28 34 112 202 212 214 329 394
10 28 35 44 48 205 206 213 254 377 390
10 57 81 82 122 143 238 277 285 308 335
10 32 100 117 169 280 311 340 348 360 363
10 60 68 116 207 215 281 293 329 369 390
10 53 77 150 220 227 267 272 320 350 375
10 25 143 168 197 254 263 273 324 338 374
10 5 37 155 203 204 213 223 248 368 387
10 12 51 80 88 121 230 270 317 354 380
10 64 87 100 161 165 180 292 295 353 400
10 6 9 95 159 220 224 242 265 332 349
10 67 145 218 220 277 313 315 362 363 387
10 5 11 16 31 48 79 149 172 261 322
10 10 58 62 85 89 122 185 186 201 301
10 35 92 125 150 180 194 229 295 385 397
10 13 43 79 110 132 201 226 227 292 335
10 10 23 46 80 85 90 169 190 194 371
10 24 87 97 111 183 257 279 289 311 393
10 75 77 89 103 139 230 336 337 357 381
10 26 51 120 144 211 241 270 320 379 389
10 17 35 135 219 296 317 352 366 377 379
10 94 165 204 258 280 281 335 375 390 397
10 6 60 68 95 125 142 199 204 337 355
10 88 123 128 132 173 235 239 242 313 376
10 194 197 278 291 321 325 327 331 334 350
10 50 96 134 136 235 259 283 321 331 351
10 27 33 64 71 99 146 177 182 211 286
10 19 46 93 145 146 156 212 305 353 397
10 12 34 37 64 79 129 263 346 360 389
10 2 38 52 95 111 141 192 195 279 310
10 82 153 163 181 185 190 207 234 359 375
10 7 129 138 151 198 321 335 337 339 349
10 20 24 90 118 136 179 183 193 240 292
10 12 49 76 116 189 209 314 346 356 375
10 14 38 49 126 176 250 255 287 340 400
10 23 27 57 232 235 238 260 261 276 285
10 24 41 153 158 187 211 277 302 350 393
10 28 38 50 99 118 240 242 275 293 372
10 6 34 46 70 218 250 257 285 365 395
10 5 21 73 145 238 266 277 288 292 345
10 1 10 24 50 174 223 306 331 389 395
10 5 88 95 105 125 147 243 267 325 333
10 31 102 122 146 150 173 219 298 321 333
10 16 84 145 169 186 211 231 245 340 373
10 67 68 79 155 181 190 233 239 246 269
10 87 112 155 163 203 224 254 271 314 400
10 7 47 160 161 181 261 284 352 396 397
10 51 67 77 100 138 168 225 293 304 318
10 61 148 224 229 283 315 355 365 370 389
10 55 98 102 120 136 184 216 264 358 398
10 18 84 92 115 151 153 158 269 313 378
10 12 69 78 174 182 202 290 293 298 371
10 2 59 114 168 215 217 254 304 347 355
10 6 19 31 78 151 167 225 263 279 373
10 24 58 75 87 140 208 254 271 293 342
10 6 53 62 133 157 204 214 280 341 373
10 22 97 123 163 167 236 265 278 282 369
10 24 30 34 52 93 161 193 195 306 381
10 4 16 67 68 96 164 256 269 343 346
10 39 117 142 144 166 226 230 245 309 388
10 8 14 105 114 157 261 270 306 331 352
10 12 150 173 192 212 281 284 287 355 386
10 18 45 63 115 154 223 295 309 317 383
10 35 50 107 134 166 178 224 259 296 367
10 102 176 188 204 209 280 288 290 292 332
10 10 100 108 129 142 163 182 235 330 347
10 126 130 170 191 248 250 340 351 358 383
10 32 55 93 121 123 170 233 259 321 347
10 2 8 99 112 120 212 225 238 281 398
10 19 49 52 123 128 166 321 323 350 392
10 21 49 92 146 149 181 223 238 312 373
10 11 68 69 109 210 229 250 281 309 398
10 3 21 69 105 143 169 250 274 275 344
10 31 34 42 123 136 159 161 186 192 196
10 102 108 197 198 238 248 264 282 345 357
10 21 23 142 157 159 226 235 240 282 338
10 111 117 212 227 263 275 293 314 352 389
10 2 24 92 98 109 141 195 216 242 367
10 26 31 66 86 148 230 283 374 386 391
10 9 30 61 71 86 114 154 188 280 319
10 6 92 158 188 192 200 218 230 256 304
10 5 32 53 126 205 211 240 272 304 319
10 24 26 64 88 192 242 249 258 310 343
10 195 211 221 250 293 315 344 366 371 389
10 2 45 53 54 66 199 204 268 305 371
10 63 83 149 154 206 239 305 314 339 392
10 75 103 104 153 165 176 226 240 247 253
10 10 53 85 105 118 201 232 267 365 395
10 23 78 82 141 258 267 325 345 366 386
10 3 44 126 152 210 212 284 297 372 386
10 12 14 140 168 187 237 265 296 350 385
10 22 62 63 233 273 278 312 328 331 354
10 7 11 57 101 172 236 315 317 361 381
10 19 108 141 199 262 287 315 348 355 389
10 1 21 59 67 106 181 282 297 381 398
10 82 91 116 123 132 141 161 262 269 298
10 2 11 31 69 96 204 281 308 359 382
10 56 85 103 134 149 199 235 264 358 365
10 9 14 32 55 173 186 195 238 306 360
10 113 209 223 264 270 277 339 358 389 391
10 45 65 95 173 178 237 260 264 306 372
10 71 87 110 125 137 139 157 201 286 339
10 12 37 63 98 206 263 303 317 353 375
10 57 153 199 208 225 248 282 329 343 393
10 62 64 92 93 223 249 320 370 372 394
10 120 155 177 186 190 288 304 346 368 393
10 31 71 84 134 258 265 281 301 326 397
10 56 58 65 133 149 244 258 312 355 381
10 40 76 107 127 157 164 234 287 374 400
10 138 140 154 234 286 289 290 337 372 390
10 3 7 112 127 163 247 303 316 329 400
10 10 16 32 38 80 269 276 301 313 319
10 1 56 73 133 137 203 217 242 292 382
10 33 80 83 148 154 172 217 237 256 266
10 73 87 122 127 170 204 233 247 314 323
10 37 109 167 208 223 276 292 295 307 325
10 48 79 157 168 229 230 255 345 363 377
10 1 25 96 205 207 262 311 345 391 393
10 15 19 33 42 149 158 180 340 350 378
10 75 130 193 226 234 254 292 312 358 399
10 23 65 109 125 177 194 269 303 304 306
10 84 108 161 166 245 289 292 320 325 360
10 36 56 66 98 99 127 129 158 187 360
10 16 38 134 228 270 334 368 370 392 398
10 26 98 122 142 226 251 299 318 351 366
10 6 13 40 42 59 91 134 200 203 391
10 176 211 221 226 236 301 303 345 347 383
10 70 97 141 146 165 188 209 273 301 319
10 36 61 132 244 283 301 336 339 340 353
10 48 62 75 130 162 202 348 354 366 386
10 40 100 113 125 138 189 200 255 261 360
10 17 49 118 203 225 287 304 330 344 399
10 14 26 27 85 103 137 153 229 231 241
10 5 44 50 113 193 251 304 337 367 397
10 12 52 74 111 120 140 144 178 328 334
10 2 11 24 44 81 85 87 117 163 278
10 70 161 202 241 264 268 302 364 371 396
10 1 13 81 127 141 191 215 222 277 292
10 10 14 17 115 129 193 286 296 325 353
10 11 115 131 153 193 240 269 362 367 373
10 47 57 91 120 128 174 181 217 230 247
10 10 86 100 157 192 193 239 249 296 341
10 20 31 125 154 173 234 294 319 328 388
10 20 27 38 50 64 177 180 188 208 297
10 106 112 156 212 225 273 300 313 368 386
10 18 76 87 149 194 240 269 289 297 321
10 56 72 94 101 181 242 243 302 334 344
10 31 73 93 95 113 148 180 308 329 341
10 28 64 71 161 164 262 274 294 308 349
10 50 55 67 81 275 288 289 294 364 381
10 11 82 207 216 218 241 251 264 269 379
10 97 129 131 137 160 189 214 218 234 253
10 143 158 184 239 254 275 283 316 354 362
10 10 15 38 112 137 194 217 309 315 372
10 8 26 33 104 109 127 193 282 339 352
10 89 145 155 192 205 257 299 326 354 356
10 100 112 164 233 265 319 332 344 348 385
10 1 11 21 75 182 189 244 269 293 337
10 89 197 207 214 224 228 278 314 361 399
10 119 124 127 203 239 265 279 305 356 359
10 5 21 99 147 164 180 282 295 302 363
10 19 42 66 143 205 240 316 329 358 384
10 19 26 147 176 225 230 249 269 325 329
10 33 65 130 140 170 238 260 280 310 335
10 31 67 128 138 141 179 300 330 354 392
10 18 64 125 148 165 181 210 228 328 395
10 30 68 111 125 179 196 260 272 288 372
10 24 48 149 154 178 205 264 275 339 376
10 25 75 97 160 215 235 237 281 323 396
10 16 47 101 113 138 238 258 292 359 383
10 39 57 135 212 226 253 304 307 369 386
10 54 61 110 171 263 318 377 387 389 400
10 89 97 98 100 146 157 178 184 394 400
10 3 8 11 21 81 94 162 193 348 379
10 3 14 45 133 138 147 204 222 227 299
10 60 113 129 180 192 217 259 279 299 320
10 9 39 113 115 120 279 314 326 338 350
10 15 99 130 153 178 183 188 206 272 333
10 10 69 86 130 237 248 345 347 362 387
10 72 84 145 153 155 191 228 321 365 398
10 2 95 111 182 250 286 298 309 327 389
10 6 16 48 60 68 69 99 330 374 375
10 3 34 62 83 204 230 241 243 309 350
10 9 58 83 124 259 260 267 269 293 353
10 59 94 127 140 180 257 271 283 294 374
10 18 28 68 72 73 84 201 233 274 387
10 6 23 65 102 113 132 175 200 227 287
10 13 69 158 207 225 240 268 281 282 331
10 19 35 37 48 62 161 192 196 296 326
10 59 101 170 181 197 219 301 305 374 385
10 51 74 150 159 227 250 261 302 344 379
10 30 55 166 182 205 233 245 327 362 383
10 20 52 111 142 223 270 290 326 331 338
10 38 123 195 198 209 235 242 335 346 365
10 34 59 67 209 230 257 270 275 314 386
10 4 29 77 159 160 196 198 225 301 336
10 6 11 28 88 102 206 242 318 320 357
10 53 96 116 129 180 234 264 277 332 336
10 44 54 71 113 249 266 318 347 358 369
10 50 164 172 247 251 297 359 372 381 382
10 49 81 107 186 195 212 228 276 299 312
10 32 39 133 170 202 260 340 357 395 396
10 27 111 199 201 218 246 340 368 384 395
10 54 90 120 200 212 237 251 259 267 323
10 37 80 82 94 125 276 285 319 320 398
10 47 67 103 156 214 227 260 270 289 377
10 6 114 145 174 206 276 357 365 366 393
10 9 60 127 160 202 247 262 313 354 399
10 28 47 104 113 181 182 221 253 312 364
10 23 54 76 85 190 228 246 256 298 378
10 79 92 132 152 159 161 199 232 288 355
10 42 52 89 101 107 120 181 255 275 379
10 27 47 140 153 177 186 243 254 311 380
10 11 15 45 70 109 154 279 325 328 335
10 28 52 152 212 269 282 299 370 382 392
10 18 47 90 130 138 197 218 228 229 304
10 41 75 86 127 229 270 305 359 380 391
10 88 229 246 258 274 284 294 317 331 342
10 18 55 60 72 98 168 190 290 323 345
10 3 6 31 45 55 123 146 261 276 297
10 12 78 161 208 261 308 326 331 376 392
10 25 28 83 171 178 242 298 352 375 378
10 36 38 70 119 145 169 171 272 348 357
10 9 53 87 164 203 210 248 251 314 356
10 135 179 209 229 238 322 337 338 363 388
10 7 12 53 61 63 75 102 172 316 369
10 16 34 128 155 203 253 269 284 331 388
10 121 196 214 246 282 300 301 308 374 376
10 36 96 113 198 199 213 269 285 312 330
10 92 125 168 177 210 239 285 287 317 338
10 181 189 206 218 255 269 306 311 337 355
10 67 160 163 189 209 238 239 259 336 362
10 22 52 108 129 256 257 304 321 329 334
10 21 80 187 199 239 271 324 381 386 388
10 18 42 88 107 108 129 156 202 236 356
10 6 31 158 186 229 239 344 359 365 376
10 4 36 56 106 174 240 278 301 354 387
10 16 17 32 46 79 121 175 229 269 327
10 106 141 152 211 261 265 307 310 324 331
10 21 46 49 105 109 190 222 251 322 399
10 17 22 25 27 54 56 64 75 287 398
10 29 94 96 108 154 177 241 255 288 316
10 2 5 7 69 100 151 152 180 213 356
10 45 103 113 153 158 175 191 226 262 383
10 79 83 98 137 153 175 323 347 388 396
10 13 92 101 164 256 257 275 285 296 352
10 32 60 162 301 332 347 350 361 371 395
10 4 46 49 97 134 144 265 278 285 310
10 11 17 41 121 177 206 229 252 271 378
10 102 117 122 234 288 307 309 384 391 399
10 34 79 104 165 267 268 326 361 384 399
10 17 35 62 117 150 174 302 303 304 350
10 21 78 100 106 186 250 266 296 348 394
10 33 58 61 107 129 274 279 301 339 400
10 58 63 78 87 132 183 321 344 349 387
10 20 36 75 100 124 147 243 311 352 391
10 33 39 77 81 100 333 347 350 364 370
10 82 142 196 209 228 247 254 267 310 348
10 73 86 144 157 186 255 271 285 332 375
10 10 43 78 89 116 136 206 286 326 345
10 87 140 200 208 262 280 282 302 340 370
10 14 62 66 125 129 200 202 279 364 382
10 89 139 175 210 239 310 311 332 337 354
10 1 58 105 226 252 304 329 336 339 355
10 27 101 124 168 189 198 219 246 358 369
10 58 105 156 191 223 257 274 306 355 397
10 101 115 148 177 200 224 243 262 299 304
10 38 57 83 107 132 138 159 251 308 391
10 20 49 65 149 166 214 232 255 355 366
10 57 71 159 193 213 253 278 295 333 385
10 62 63 93 149 185 233 332 342 364 375
10 64 70 115 122 123 150 208 234 298 356
10 11 38 71 90 103 140 222 280 308 317
10 15 61 67 137 151 176 236 299 306 395
10 17 64 66 100 147 183 184 196 234 266
10 18 100 181 186 242 265 329 331 336 359
10 24 28 145 161 191 209 301 303 307 388
10 15 58 80 91 93 133 143 216 273 356
10 97 98 134 161 167 180 195 254 283 396
10 12 36 117 149 238 272 295 317 378 395
10 91 111 136 138 150 172 198 297 358 366
10 15 79 144 221 248 287 294 336 374 387
10 52 62 103 108 180 290 312 329 388 390
10 92 160 161 182 316 320 348 349 381 396
10 79 124 136 209 252 263 271 292 309 335
10 3 39 44 87 101 167 176 222 322 354
10 12 60 76 122 131 152 168 231 319 353
10 39 123 138 185 193 224 226 277 302 311
10 55 78 87 95 119 127 163 276 356 381
10 16 52 115 165 182 293 297 363 383 386
10 47 72 77 95 134 160 233 241 261 279
10 61 75 216 221 247 253 255 259 327 373
10 5 26 47 141 203 286 298 305 353 384
10 98 113 125 133 236 261 299 360 368 373
10 37 146 152 154 171 184 192 258 358 393
10 41 47 61 81 121 171 205 280 281 291
10 43 106 192 214 268 274 315 326 355 359
10 40 153 171 183 276 295 314 317 329 372
10 6 9 35 90 124 147 155 157 281 285
10 47 107 110 195 211 233 239 317 321 347
10 6 7 24 54 81 94 109 182 257 298
10 18 68 123 227 254 318 327 328 352 392
10 36 55 67 93 94 113 135 197 241 342
10 36 73 114 120 147 178 200 253 327 366
10 19 40 46 96 193 226 296 321 328 396
10 34 53 105 143 289 294 299 343 370 383
10 45 47 99 147 161 184 250 295 311 382
10 30 89 110 124 147 197 295 321 364 390
10 39 118 138 145 164 293 328 351 358 359
10 17 75 86 128 152 182 283 309 352 399
10 2 39 82 157 169 200 298 375 384 389
10 58 74 84 117 158 201 244 346 355 398
10 3 88 167 197 211 215 241 283 286 318
10 13 22 85 121 136 183 186 231 262 285
10 39 47 75 82 134 145 197 244 273 370
10 34 59 86 89 230 232 247 268 290 312
10 11 23 153 208 219 259 273 306 307 386
10 46 98 117 194 306 324 339 377 380 393
10 1 15 26 29 71 93 159 262 353 369
10 4 84 105 128 178 179 230 285 313 373
10 15 36 91 102 114 124 130 223 250 345
10 2 12 57 70 77 254 270 294 305 375
10 6 37 75 82 125 137 194 248 328 360
10 10 24 121 149 198 332 355 358 379 385
10 35 44 148 174 177 230 232 308 388 396
10 82 122 155 166 181 221 289 370 378 393
10 18 32 40 51 53 80 87 167 216 236
10 10 12 19 84 94 102 103 173 210 396
10 3 10 47 66 235 264 282 285 293 348
10 64 121 125 169 222 345 351 353 378 379
10 34 64 142 171 186 208 235 253 267 380
10 10 116 141 168 185 239 248 300 316 334
10 2 93 97 230 239 296 321 356 364 387
10 184 293 301 306 318 343 346 373 385 388
10 1 58 62 70 106 110 164 190 265 310
10 45 91 210 222 237 274 286 287 313 330
10 25 56 62 136 193 229 231 245 316 381
10 9 104 106 113 129 153 180 193 276 364
10 21 27 38 47 53 110 155 222 241 331
10 3 9 82 134 168 213 247 281 370 385
10 30 154 178 236 239 246 336 345 360 394
10 4 44 95 110 144 225 227 231 262 264
10 33 83 94 104 122 204 256 268 276 352
10 40 41 80 132 185 225 336 339 375 394
10 49 158 187 194 224 239 294 300 304 367
10 105 111 118 193 203 237 245 276 297 308
10 38 128 181 225 243 305 331 342 362 381
10 54 159 186 187 222 243 262 295 300 309
10 6 35 59 136 173 233 248 332 343 394
10 46 66 102 119 133 139 217 316 342 357
10 83 101 204 265 353 354 356 366 370 385
10 5 40 77 123 135 147 205 222 241 260
10 38 66 126 150 208 213 343 344 351 367
10 4 8 40 41 95 100 200 216 247 278
10 14 56 107 127 157 203 229 237 303 332
10 42 92 104 142 165 189 289 312 343 391
10 61 85 87 92 156 161 173 283 294 383
10 1 33 41 98 109 166 196 263 273 345
10 36 45 57 66 78 246 262 297 303 323
10 37 43 52 69 72 192 257 325 330 347
10 24 40 61 84 141 187 266 313 327 360
10 58 124 133 172 196 201 251 257 340 374
10 69 90 127 129 187 244 330 332 396 397
10 17 117 133 173 262 293 331 334 347 398
10 20 25 29 140 155 229 243 253 258 368
10 10 13 24 53 66 107 138 159 201 361
10 33 74 123 165 257 284 290 297 334 396
10 108 124 163 226 253 309 310 329 343 371
10 15 55 78 129 154 155 218 279 353 357
10 38 51 54 158 187 238 300 302 328 399
10 60 112 207 223 228 288 326 360 365 368
10 24 26 52 125 172 188 220 281 301 326
10 64 124 128 170 215 228 237 342 390 393
10 21 109 120 196 248 301 306 339 355 356
10 7 129 167 232 249 297 322 340 372 394
10 119 128 162 248 249 307 312 321 343 347
10 12 64 108 170 191 201 213 216 345 373
10 16 77 83 121 130 235 266 296 299 323
10 3 79 108 136 179 195 291 298 343 347
10 97 104 118 142 218 224 228 272 273 352
10 39 104 131 132 236 288 299 350 376 392
10 3 8 45 151 171 186 223 263 289 317
10 23 26 63 82 210 285 287 369 378 396
10 9 68 78 106 189 261 282 334 339 344
10 43 118 130 158 235 276 346 379 381 386
10 38 94 128 199 238 329 334 346 385 396
10 148 166 187 207 244 279 336 339 375 380
10 36 42 66 70 81 117 162 168 318 323
10 4 51 63 76 108 175 194 227 371 390
10 2 35 43 97 116 158 220 282 342 386
10 4 79 98 181 198 233 267 288 328 369
10 28 96 159 212 238 242 277 335 358 361
10 48 66 71 129 191 196 198 327 339 344
10 12 29 65 233 266 283 290 341 347 354
10 23 25 26 49 189 241 288 349 355 379
10 2 13 94 158 232 275 282 289 342 359
10 11 136 138 154 206 259 300 335 349 363
10 2 7 56 65 74 123 192 307 324 356
10 23 36 46 78 88 176 201 242 245 316
10 15 34 88 105 108 131 215 243 382 397
10 40 69 83 145 157 168 172 293 344 390
10 96 114 127 133 169 295 333 345 349 369
10 13 66 147 152 238 257 258 263 357 379
10 42 44 77 94 99 121 138 200 236 282
10 29 89 104 219 220 229 268 312 358 379
10 46 52 60 81 103 137 254 259 286 330
10 33 153 160 216 242 278 335 371 376 392
10 11 42 56 162 185 280 283 302 324 370
10 1 16 120 131 147 184 213 240 289 336
10 1 20 158 170 198 199 209 344 348 379
10 38 46 117 146 209 238 276 285 366 392
10 26 60 116 133 156 210 219 220 282 343
10 101 103 126 140 144 184 270 338 359 368
10 46 69 103 241 257 264 295 299 307 373
10 66 76 113 182 216 249 253 262 277 365
10 11 72 90 115 201 257 273 321 392 397
10 5 6 15 94 104 119 124 203 223 345
10 104 116 146 208 228 251 253 260 365 380
10 25 38 97 120 197 221 247 264 305 334
10 18 107 139 161 193 194 225 301 313 395
10 42 105 114 152 157 280 318 386 391 395
10 13 77 167 240 254 293 329 338 367 397
10 9 80 104 109 144 170 194 219 261 300
10 31 41 89 122 144 154 200 304 310 315
10 140 172 208 219 227 231 300 331 333 353
10 13 91 108 122 128 186 240 298 299 338
10 87 106 132 154 168 174 175 210 321 322
10 1 68 87 135 173 202 243 283 285 359
10 37 69 92 164 183 200 263 265 275 381
10 3 20 26 73 107 131 182 310 345 385
10 109 129 185 196 259 268 299 303 367 368
10 31 106 110 112 167 224 356 389 390 391
10 57 135 176 215 244 258 260 329 354 384
10 153 161 180 213 227 249 273 320 341 350
10 36 60 81 101 151 157 226 227 364 381
10 116 172 244 252 266 306 336 337 355 376
10 39 50 65 118 128 193 199 200 227 248
10 13 74 79 107 145 152 174 342 353 394
10 14 18 35 40 77 102 154 175 265 375
10 16 20 30 78 114 120 268 296 314 370
10 27 71 82 101 102 205 308 336 377 397
10 7 34 60 75 103 108 149 187 303 393
10 44 57 97 106 150 233 235 311 337 345
10 33 107 109 156 168 236 251 252 311 357
10 19 54 80 113 135 155 192 230 237 333
10 26 40 56 131 202 213 235 262 363 364
10 8 73 94 124 165 211 213 314 327 368
10 14 20 67 138 188 291 332 336 350 377
10 20 63 71 80 169 186 191 219 306 310
10 9 33 159 161 200 254 263 326 353 391
10 20 50 117 122 172 179 252 260 320 336
10 35 57 195 200 252 288 310 335 358 374
10 37 42 51 54 91 180 211 323 353 376
10 85 103 119 193 252 257 299 316 351 398
10 13 86 87 109 176 258 288 325 328 380
10 30 67 90 156 246 250 254 356 370 383
10 24 69 71 79 84 151 196 250 257 357
10 84 90 126 167 206 272 284 292 308 400
10 112 131 218 294 318 321 327 347 379 384
10 23 45 76 139 219 241 258 267 281 326
10 16 24 61 63 96 110 118 174 218 298
10 9 28 66 111 161 180 305 349 363 381
10 129 242 253 278 280 281 314 319 334 340
10 30 70 74 182 210 220 246 324 335 359
10 17 89 198 239 252 287 312 315 354 357
10 60 118 126 140 173 209 241 304 344 389
10 5 9 32 52 101 170 241 265 276 285
10 79 152 166 184 191 290 351 356 357 394
10 146 159 161 170 247 254 312 329 347 393
10 3 26 41 154 194 208 209 242 261 263
10 22 71 77 147 237 254 289 298 377 396
10 157 171 172 259 262 279 351 353 376 393
10 85 99 126 183 192 193 197 305 317 370
10 51 88 124 184 221 222 260 316 320 335
10 41 42 86 197 206 211 218 281 338 389
10 36 39 62 70 77 100 242 245 273 342
10 4 108 160 180 288 293 315 327 365 394
10 35 76 100 257 309 348 349 352 354 395
10 3 18 31 111 157 245 247 263 359 399
10 92 98 125 148 199 242 298 368 382 396
10 56 61 145 151 214 316 319 327 366 372
10 31 54 56 61 87 135 261 303 327 366
10 59 120 165 170 257 291 337 351 383 387
10 11 53 62 67 154 246 284 322 325 392
10 26 38 57 174 231 272 319 355 386 395
10 41 46 87 261 265 288 296 372 382 395
10 47 92 127 180 207 266 302 320 337 380
10 13 114 134 140 150 153 172 183 219 241
10 8 19 26 122 200 201 228 244 274 328
10 51 60 77 109 144 214 224 294 310 341
10 20 50 54 84 125 216 222 308 372 400
10 21 25 159 164 173 224 230 310 331 385
10 22 65 67 121 132 135 157 162 169 187
10 16 18 26 89 160 202 203 210 337 395
10 4 8 93 145 221 222 298 317 345 394
10 35 61 118 130 132 136 178 192 249 356
10 3 104 130 135 156 189 207 248 261 371
10 5 48 238 252 275 297 353 380 389 396
10 16 41 104 112 143 234 246 254 320 367
10 103 114 142 175 303 325 327 338 349 383
10 74 138 143 206 229 251 277 338 367 393
10 16 40 100 126 133 207 271 314 383 393
10 75 82 99 252 291 302 327 349 353 392
10 12 48 73 91 137 156 233 279 339 356
10 33 76 139 171 181 241 256 317 319 326
10 7 23 48 91 179 206 286 342 366 379
10 16 94 152 161 236 247 248 331 375 399
10 52 100 116 146 180 201 258 343 366 376
10 90 95 126 139 197 236 238 271 272 384
10 34 52 74 185 191 213 263 277 322 372
10 15 67 80 114 174 184 200 231 240 361
10 17 33 51 110 152 240 252 274 320 330
10 38 128 130 180 187 211 285 370 384 392
10 74 79 90 172 220 242 255 277 301 392
10 99 211 236 332 341 343 346 356 360 365
10 27 109 115 168 169 203 265 272 294 374
10 7 49 70 72 119 171 201 295 346 376
10 1 69 75 114 259 268 322 323 348 397
10 66 161 192 215 242 261 327 348 390 398
10 3 40 142 153 154 190 204 260 364 373
10 22 24 101 124 175 200 262 286 294 306
10 38 159 180 184 229 233 241 316 359 388
10 38 46 56 128 130 174 225 232 249 280
10 130 146 172 223 224 260 325 336 345 369
10 3 39 49 112 129 309 311 347 353 366
10 140 229 246 251 277 303 320 330 352 395
10 18 64 143 209 225 265 307 335 352 358
10 43 63 128 129 172 210 217 250 282 331
10 8 20 81 99 190 321 341 374 379 385
10 7 29 102 108 169 223 292 315 317 360
10 31 81 184 213 217 342 351 360 367 386
10 4 61 97 98 111 144 145 151 342 396
10 45 75 82 97 227 268 297 349 353 363
10 3 20 47 160 169 175 264 307 365 384
10 14 107 132 139 148 214 259 318 332 382
10 3 82 104 189 205 236 240 313 338 359
10 23 28 58 215 223 266 272 313 352 373
10 14 76 132 189 239 272 326 331 356 382
10 18 88 116 157 191 193 211 225 237 369
10 122 200 202 238 265 268 298 318 363 387
10 26 55 57 63 103 181 222 319 325 366
