100 1000
3 57 66 89
6 9 23 32 53 64 79
2 10 14
7 8 11 45 49 66 81 84
9 7 18 19 39 53 55 60 71 73
3 9 38 95
7 4 45 49 50 59 67 76
7 5 7 14 18 41 54 62
5 5 38 63 81 96
5 10 48 82 84 97
2 80 99
4 1 6 36 49
6 23 51 73 74 88 92
3 9 19 90
7 3 24 36 53 67 72 77
2 54 75
5 24 28 37 84 93
7 13 20 51 53 67 75 86
1 77
7 21 22 34 41 52 76 87
7 9 16 17 36 41 44 53
10 5 12 13 21 24 31 40 66 69 86
6 11 34 60 77 81 83
4 2 27 63 98
3 39 49 100
2 76 85
3 12 62 70
4 29 32 68 95
11 5 8 9 19 28 33 67 75 84 92 94
4 19 42 45 64
3 16 17 37
3 39 48 60
3 19 87 97
2 1 33
9 2 21 46 51 57 60 71 81 86
3 2 19 72
9 2 6 8 14 15 30 52 78 84
3 4 6 67
2 3 8
3 47 80 98
4 9 41 69 73
4 12 46 54 90
4 26 44 61 95
2 50 90
7 12 42 58 72 73 89 92
5 14 43 54 67 87
7 10 13 14 37 40 56 97
10 5 10 21 50 53 55 58 62 85 90
5 64 69 72 86 88
3 5 49 61
8 6 14 23 35 40 74 84 86
8 5 9 12 17 36 49 70 81
6 20 27 29 44 79 80
4 29 33 57 62
6 4 24 40 44 55 100
3 18 68 95
10 17 33 35 42 43 68 72 83 96 100
3 8 69 83
10 5 6 38 62 64 73 75 79 90 95
4 17 47 55 73
8 13 20 40 58 61 67 82 87
7 9 43 45 57 66 84 85
6 6 10 23 42 88 92
3 18 72 93
3 31 46 70
5 22 62 70 72 81
5 33 51 54 73 86
11 6 7 23 32 54 66 74 85 87 95 100
3 21 39 42
9 8 13 22 32 40 50 70 88 93
6 19 29 44 63 88 95
7 4 19 58 65 84 92 97
3 20 41 63
5 11 40 58 67 97
6 31 41 52 60 70 93
7 12 59 60 62 85 89 90
3 40 85 90
3 9 35 53
7 12 14 32 35 53 59 92
8 12 43 46 52 60 67 95 98
2 77 88
3 84 87 91
2 30 71
4 6 31 35 47
6 22 65 83 87 88 92
6 20 26 32 47 61 87
5 24 36 44 77 82
5 28 37 56 71 75
7 4 10 12 24 39 61 82
1 2
5 2 12 49 73 74
8 14 18 40 49 58 61 71 92
12 3 12 27 31 41 44 71 74 77 78 90 100
3 10 16 34
4 34 61 96 99
4 9 31 49 90
6 12 61 68 89 93 97
5 16 17 26 54 72
4 50 65 79 87
4 27 71 74 97
8 3 58 67 72 74 94 97 100
5 22 69 78 81 100
5 14 29 42 49 67
3 16 35 83
5 14 18 57 61 67
2 57 78
4 43 49 81 98
5 12 17 55 88 92
7 10 22 24 39 45 57 74
6 14 24 32 57 75 85
6 22 43 50 58 64 100
5 2 13 41 75 81
3 43 62 93
5 35 57 77 85 91
5 26 46 83 86 99
6 4 23 40 56 79 88
3 7 8 52
8 3 18 51 57 62 71 82 92
6 3 5 55 66 70 81
5 21 27 46 74 95
3 28 37 97
7 6 16 19 69 76 84 92
7 2 5 18 36 39 41 51
5 3 21 53 68 71
5 10 20 58 72 98
1 25
5 27 39 62 67 80
4 5 30 62 71
7 11 23 30 37 65 74 100
10 7 8 15 18 36 39 46 55 67 68
6 29 48 51 60 90 92
8 12 24 31 38 58 71 73 74
8 4 12 26 33 37 44 81 91
2 51 58
7 16 18 67 69 70 79 92
2 45 60
3 17 29 57
8 17 18 40 45 48 60 79 99
3 7 45 73
8 3 6 47 59 68 81 90 97
4 30 66 74 97
1 74
8 11 18 38 40 50 77 86 87
1 80
8 7 19 38 43 44 58 71 77
7 6 37 40 60 62 64 75
5 30 59 67 76 100
4 32 45 56 75
4 5 25 46 93
3 5 23 26
2 47 97
3 21 54 89
4 45 53 91 95
8 6 33 47 58 63 87 93 97
4 6 7 88 94
5 21 29 42 44 55
5 23 60 74 75 92
7 3 12 17 43 46 51 65
4 19 27 31 55
5 5 20 39 77 80
5 6 60 67 82 100
9 4 47 50 51 68 72 74 80 97
6 2 36 37 54 59 84
4 4 25 26 36
9 10 18 29 49 52 60 67 78 99
5 4 24 44 73 97
4 27 42 73 88
1 57
4 8 60 63 95
5 23 50 73 81 89
6 15 17 33 41 43 84
3 28 36 82
8 6 13 14 26 27 39 97 98
7 4 11 25 28 29 63 69
9 33 44 52 58 66 68 70 85 91
9 10 21 23 49 72 74 75 76 92
7 5 34 56 66 86 93 96
7 3 9 13 28 34 76 95
4 73 85 87 94
6 5 15 24 27 46 91
7 15 21 26 54 55 64 65
5 1 31 48 51 66
6 3 38 51 68 76 93
3 37 50 64
13 4 8 28 41 48 51 52 57 67 76 77 78 92
6 30 33 53 64 75 100
4 19 53 65 70
3 10 13 74
5 31 36 56 58 80
4 7 12 39 92
3 58 92 93
7 10 14 23 53 70 86 95
3 20 60 79
4 22 54 69 85
7 20 37 52 68 72 85 88
3 42 63 71
4 18 39 80 93
7 8 13 30 54 58 87 98
4 11 19 24 55
4 22 38 73 82
5 26 32 51 82 98
5 26 31 42 92 98
7 2 15 17 44 62 70 94
6 10 21 25 35 55 86
3 22 65 73
8 17 20 25 39 50 51 79 99
5 10 29 34 76 80
5 6 62 73 84 93
2 6 31
4 26 28 35 59
3 21 61 67
5 46 51 85 89 90
4 10 24 38 39
8 10 11 30 42 54 84 91 98
2 20 37
2 52 91
4 31 35 57 91
5 11 28 36 57 85
3 18 54 73
2 12 87
6 31 35 41 45 92 98
4 1 23 34 66
6 3 29 35 63 81 92
7 26 35 36 58 67 73 79
2 36 76
1 26
3 7 41 89
3 12 26 96
5 33 63 67 80 83
6 21 23 31 41 47 55
2 33 88
3 13 16 31
4 26 52 60 98
3 9 65 95
6 1 55 57 63 72 77
5 14 29 32 76 95
7 7 19 30 44 54 55 75
4 3 15 74 85
8 9 11 43 66 70 90 95 96
7 23 42 55 66 84 91 97
5 6 8 39 59 79
3 29 32 73
6 3 36 42 45 50 74
5 9 20 43 60 69
8 19 23 35 46 50 75 80 84
4 2 34 58 74
6 4 13 28 29 43 56
3 42 56 89
5 7 15 26 35 64
8 19 52 54 59 62 74 86 94
11 4 6 8 31 34 43 53 63 78 83 98
5 24 33 47 83 88
3 23 75 84
5 17 32 39 47 50
5 41 45 61 77 90
5 15 18 44 66 71
11 4 13 19 23 24 42 59 61 68 70 84
3 5 8 79
8 1 4 9 42 43 62 69 80
7 7 8 33 38 53 71 88
4 33 45 81 95
4 1 53 58 77
3 11 54 87
7 9 17 27 34 41 51 91
1 75
8 4 24 43 45 48 58 74 88
5 9 34 50 52 89
6 12 44 50 55 71 74
5 21 32 41 46 80
8 7 18 22 45 67 81 95 99
9 11 31 41 61 69 70 92 96 97
9 5 12 26 27 33 38 86 94 96
9 39 46 48 53 54 83 90 96 99
6 3 38 39 42 43 48
6 16 17 40 53 70 76
5 1 13 28 40 75
3 30 42 59
3 2 52 77
4 12 53 57 90
7 14 17 19 64 67 68 85
10 1 20 21 26 36 45 51 55 69 78
5 3 16 49 73 99
6 7 19 20 36 47 61
7 9 34 53 60 64 79 100
3 8 30 46
3 44 45 98
6 35 57 63 76 91 94
5 11 21 43 52 79
6 63 66 79 89 91 99
4 9 37 75 83
3 19 52 69
5 47 63 69 76 85
4 8 85 88 91
4 16 25 52 74
3 31 42 53
7 3 24 33 40 42 63 74
2 29 39
6 5 15 21 55 83 94
1 76
6 21 30 31 40 57 88
3 6 31 96
5 39 41 50 64 84
5 14 21 75 83 86
2 4 57
5 8 15 29 56 75
5 16 22 33 48 76
9 1 23 38 44 47 57 75 76 81
3 27 29 83
3 43 46 64
4 15 16 91 97
5 2 9 26 46 74
6 20 25 29 71 85 99
6 12 47 59 78 93 96
1 9
6 1 5 13 61 95 100
2 61 67
1 87
3 44 51 98
9 9 23 38 40 44 47 77 83 99
3 31 78 95
6 67 74 76 86 92 94
7 1 3 30 51 56 58 90
3 2 19 84
5 15 17 56 79 99
7 5 23 30 49 50 74 96
4 28 39 78 97
9 9 18 21 30 33 40 42 46 70
6 30 46 66 84 93 95
1 14
6 7 13 47 52 58 69
5 30 54 69 86 92
9 18 27 39 41 51 58 74 77 89
7 2 10 17 88 89 93 98
8 13 14 18 19 52 62 93 96
5 3 5 10 89 94
3 31 77 82
7 16 20 41 65 85 91 94
3 67 74 93
6 30 39 48 49 67 93
6 27 71 78 84 89 92
3 56 77 91
2 31 87
10 1 19 25 32 43 51 58 72 94 100
6 6 27 80 94 95 99
5 1 16 25 54 66
6 5 13 28 44 59 65
7 19 27 39 55 68 72 87
3 29 32 95
8 5 9 27 32 40 59 65 94
6 6 28 32 56 60 98
7 1 7 11 25 55 61 80
4 24 54 66 92
8 7 10 29 38 57 88 96 99
2 54 98
4 6 8 38 90
6 3 5 31 39 61 86
6 6 13 22 24 45 73
6 15 41 68 69 72 94
8 7 16 25 52 65 79 81 85
5 1 14 48 55 93
6 9 17 32 44 81 93
3 9 11 42
4 9 50 58 99
5 34 57 59 67 91
3 25 40 64
5 43 47 72 92 94
6 3 4 52 78 83 87
3 6 80 88
6 12 34 58 65 69 91
4 12 21 58 93
8 15 25 32 35 36 39 43 87
2 33 86
4 1 22 81 84
7 3 6 7 9 24 26 69
7 30 33 35 61 62 72 77
7 7 10 14 19 20 64 80
7 9 19 39 59 68 72 74
5 24 27 32 45 55
3 16 75 94
7 27 41 46 70 71 81 91
1 96
6 6 19 43 51 64 67
1 26
1 52
3 24 28 67
1 43
4 16 66 90 95
9 14 16 23 28 29 31 52 74 76
7 13 55 69 79 84 93 99
4 32 67 69 87
6 16 23 26 27 34 68
2 13 59
2 50 58
4 2 59 63 96
3 27 33 70
2 7 56
3 22 24 86
6 4 10 38 68 80 100
4 18 37 47 60
4 1 46 53 70
2 52 74
4 9 79 82 91
2 70 77
2 46 67
5 14 18 23 30 82
4 30 40 86 92
4 24 36 67 81
4 18 29 37 97
3 11 70 72
5 8 12 24 45 97
7 20 22 36 51 58 64 82
2 12 88
6 15 31 67 69 82 96
3 38 65 95
5 19 21 57 59 72
3 29 31 68
3 1 27 93
8 4 12 16 63 82 88 94 96
2 36 47
9 17 52 57 59 60 80 83 94 97
5 4 19 34 41 90
7 6 13 15 24 38 41 67
5 4 26 38 57 89
3 37 45 97
4 5 16 20 98
5 14 31 43 48 67
5 19 31 71 73 91
5 4 29 41 50 89
4 19 21 27 57
6 17 34 41 42 43 65
5 4 19 41 64 96
6 28 31 39 41 68 73
3 17 82 87
3 67 83 87
2 30 71
1 83
7 5 16 17 39 61 72 91
5 26 28 64 81 87
9 23 33 45 46 59 64 71 84 98
4 41 66 89 96
11 1 4 21 29 35 48 64 75 90 91 98
2 4 32
4 12 51 56 95
2 32 74
4 16 22 61 63
3 21 80 84
6 9 10 22 36 37 100
3 23 78 90
8 9 18 29 30 61 64 67 70
5 12 28 66 73 92
2 42 43
4 32 40 72 79
3 23 27 88
3 18 26 83
9 6 11 12 13 49 59 69 72 79
9 12 28 31 32 48 53 82 83 97
4 33 57 62 80
4 21 27 75 98
6 7 30 32 33 40 41
3 1 63 73
5 3 24 34 52 64
4 24 35 63 83
11 10 26 41 44 48 53 66 68 78 81 93
4 5 16 34 55
6 53 65 73 78 82 100
3 6 25 43
4 9 22 55 80
7 15 17 27 29 50 85 86
6 2 7 11 36 73 81
5 22 75 80 85 99
4 86 91 96 100
3 3 36 56
4 6 71 74 96
4 3 50 73 76
8 6 9 13 34 67 75 89 90
4 3 32 62 72
3 62 79 84
4 17 25 50 96
3 29 41 83
6 15 38 44 54 62 93
5 11 16 35 47 97
5 2 61 64 80 97
2 80 96
2 4 79
5 21 31 41 48 75
2 13 51
4 15 33 41 89
4 25 58 78 87
1 45
2 89 97
8 7 9 10 15 22 66 68 92
5 25 28 67 92 95
4 19 37 79 98
8 2 8 46 47 57 78 82 90
5 4 27 62 69 83
3 3 33 52
7 2 16 32 35 41 66 70
3 61 70 79
6 25 69 76 82 90 95
6 7 10 33 70 72 73
4 4 10 31 54
6 1 9 11 20 72 84
6 2 21 35 60 79 89
7 1 15 16 25 49 76 93
8 13 19 25 44 49 63 72 97
2 34 44
14 8 20 21 28 42 44 51 59 60 64 71 75 87 99
4 51 68 78 92
5 4 13 28 53 93
5 7 16 70 80 97
6 10 13 50 71 95 99
5 30 49 77 88 89
1 30
6 15 18 30 58 67 70
2 10 14
4 51 72 88 90
4 9 32 35 50
4 17 19 72 98
5 18 49 72 77 92
7 8 38 52 56 62 66 96
4 3 67 85 88
3 37 44 89
7 3 12 32 48 50 84 100
3 43 64 75
5 9 30 36 38 59
4 1 29 62 92
4 32 51 89 93
4 5 21 81 85
7 7 15 17 25 51 87 99
9 13 29 34 39 65 81 82 87 93
8 9 14 18 25 39 51 57 76
9 1 7 8 13 49 60 75 77 88
7 4 31 34 41 43 66 84
5 7 29 43 46 72
4 14 46 53 75
4 6 32 35 55
2 55 56
6 15 24 28 42 64 66
3 18 77 84
4 3 29 47 75
8 7 16 18 26 36 67 73 79
5 3 19 27 35 47
3 1 60 82
3 6 43 93
4 14 31 67 94
2 27 99
4 14 31 34 63
6 23 36 49 62 74 92
4 24 41 47 85
7 12 33 38 39 48 67 77
6 6 15 28 36 57 83
6 15 22 23 32 59 89
1 97
8 4 11 18 21 27 45 53 89
2 34 68
5 14 41 49 64 80
4 19 30 52 94
7 14 17 37 44 50 69 80
5 15 42 49 79 96
3 1 31 33
5 31 40 69 92 98
9 25 30 46 53 54 79 82 86 92
2 13 82
6 3 10 21 27 42 43
6 12 28 29 83 93 98
1 38
4 3 30 75 96
4 4 53 68 99
5 10 18 63 81 89
10 3 4 8 23 31 46 64 70 86 93
8 4 15 16 31 55 79 95 100
5 10 27 43 53 58
5 1 32 33 48 67
8 6 25 27 54 65 67 84 98
5 4 18 35 71 74
5 31 44 49 60 85
5 50 69 84 97 98
5 2 4 9 55 77
5 6 41 45 52 69
8 11 24 32 56 61 89 93 96
5 3 27 53 76 86
8 1 16 19 54 64 69 82 91
2 34 63
4 6 66 83 85
7 10 39 61 73 74 80 88
4 19 36 72 75
3 29 73 82
5 11 13 62 76 88
5 8 15 46 51 55
5 18 27 40 46 52
3 71 86 100
3 16 21 95
1 24
6 24 52 54 72 73 87
3 32 44 70
7 26 33 47 50 55 66 77
6 14 18 42 45 69 100
6 10 49 75 81 83 100
2 32 64
4 7 10 37 61
4 14 77 85 92
6 19 26 69 72 73 100
6 7 19 25 43 52 72
7 7 27 35 45 48 50 56
3 12 62 73
4 3 19 68 92
4 27 54 63 94
7 14 20 22 28 33 72 77
4 52 60 63 93
5 61 78 90 92 99
3 20 28 61
7 3 8 15 40 63 87 96
6 6 9 11 57 65 89
2 20 83
2 49 74
5 40 43 49 51 66
7 14 22 27 43 58 72 84
4 9 32 65 91
4 19 62 64 92
5 8 12 59 61 97
5 10 12 32 57 73
4 11 18 69 87
6 42 57 59 64 66 74
7 4 26 34 43 48 51 66
1 72
4 2 35 68 83
1 49
5 32 67 69 71 97
6 18 38 43 52 93 98
3 2 31 50
4 18 57 72 80
7 3 15 22 47 52 76 83
5 2 24 29 30 88
7 17 26 43 46 70 77 79
6 44 45 58 59 97 99
3 28 60 85
9 3 8 47 50 54 57 63 81 87
4 14 24 35 52
3 76 77 84
9 3 26 30 48 68 81 83 87 89
6 5 10 12 55 60 100
5 51 58 59 63 65
5 10 64 75 76 80
6 1 47 49 69 89 100
9 10 36 51 66 83 88 89 91 95
4 33 39 48 51
3 13 26 60
7 27 32 43 51 70 91 98
4 17 33 56 86
2 11 20
4 12 44 71 92
4 51 59 64 71
2 16 57
4 12 36 57 58
13 1 2 3 11 15 18 22 30 37 38 51 52 79
5 18 44 51 74 95
5 12 18 45 51 72
2 23 51
8 6 7 11 21 24 30 44 49
4 3 22 33 36
6 11 24 36 66 74 76
4 5 8 22 64
6 32 48 51 56 62 100
3 21 23 86
2 66 84
7 12 15 21 47 63 70 77
5 15 24 34 58 96
9 4 13 33 34 53 62 69 79 100
6 4 13 23 27 33 37
6 14 17 31 39 54 75
5 19 41 45 52 78
6 9 22 30 64 71 99
4 25 53 65 85
9 4 12 20 36 54 56 64 86 92
6 1 25 53 72 79 90
3 74 75 79
7 4 7 9 12 13 30 63
8 4 5 23 30 46 59 80 94
7 14 31 45 55 59 74 77
7 9 14 25 36 39 65 84
3 59 83 90
4 44 53 61 78
1 10
6 18 19 49 50 74 80
6 3 8 28 55 75 83
5 3 32 50 52 61
8 8 9 22 30 37 38 55 75
6 21 35 39 59 79 96
7 17 43 44 55 64 71 93
9 1 29 44 52 59 61 75 81 87
7 13 32 34 51 55 84 96
7 30 38 40 47 53 61 65
4 4 65 92 93
4 19 80 83 86
2 14 89
5 70 71 82 86 91
4 34 50 65 77
3 8 35 64
5 12 36 78 84 91
5 19 37 50 72 74
7 3 14 15 48 52 70 93
5 26 38 49 63 92
5 12 49 56 83 98
3 20 41 42
5 22 26 48 89 91
8 6 7 30 39 42 70 71 76
2 14 74
3 1 80 89
6 19 51 54 78 84 86
9 11 18 27 33 39 41 45 67 86
7 4 28 30 50 56 92 95
4 35 57 94 95
6 5 23 24 25 37 66
7 11 21 27 38 40 58 89
4 8 12 14 25
6 12 58 89 95 96 98
1 58
5 11 16 48 61 87
3 15 25 98
2 15 49
6 12 50 55 71 94 100
4 26 67 82 90
7 5 16 35 38 42 77 84
3 34 37 72
6 3 4 46 48 50 70
5 5 48 50 62 69
3 5 59 86
6 2 29 34 37 41 98
3 4 10 82
7 15 19 22 26 54 63 82
4 30 42 50 62
3 63 77 83
9 3 17 40 51 75 81 90 93 97
3 8 82 88
5 2 18 26 57 67
1 6
6 5 28 44 74 89 94
7 10 12 30 31 46 74 79
10 7 8 12 34 36 37 45 56 80 90
6 7 16 24 28 46 51
5 47 58 63 64 76
4 2 22 45 62
11 15 35 36 44 45 51 63 68 71 87 94
5 7 29 42 84 86
8 2 14 33 39 44 68 78 93
5 8 51 54 73 98
7 17 28 49 57 65 69 95
3 60 91 93
2 11 54
7 23 30 49 59 82 83 89
3 28 66 75
4 39 49 51 89
7 4 37 38 54 59 76 89
4 25 29 35 54
5 18 21 39 74 89
8 32 34 45 69 71 83 92 94
1 26
5 22 44 63 66 75
5 32 33 44 49 95
6 11 43 69 72 96 97
6 2 9 45 54 78 82
3 10 17 91
3 17 72 82
9 13 33 38 46 50 61 63 70 98
2 54 98
8 14 15 24 32 49 55 72 86
4 1 22 36 95
8 7 14 22 41 46 88 98 99
4 27 79 80 82
7 6 17 32 71 77 81 93
4 37 46 91 93
2 13 73
4 20 21 23 31
1 51
1 87
10 10 21 44 51 64 74 84 89 92 93
11 1 20 42 51 56 59 63 67 82 90 97
9 31 33 38 52 54 66 69 72 90
7 14 17 21 69 90 98 99
8 8 16 26 29 43 47 84 91
3 30 54 59
5 14 30 37 81 85
8 8 22 31 42 76 79 81 89
9 12 29 38 39 63 73 77 92 94
3 66 82 96
4 11 20 89 91
6 8 23 35 41 78 88
5 7 12 22 49 53
8 12 14 16 49 51 54 69 75
1 60
9 19 29 38 48 59 60 76 77 93
9 7 18 22 25 26 36 47 60 79
4 41 50 66 79
5 3 40 43 59 98
2 31 38
4 22 36 53 100
1 7
4 42 47 86 94
3 23 52 62
3 2 34 65
8 16 31 41 47 60 78 83 87
3 6 10 85
6 37 63 66 69 71 91
3 39 76 77
4 1 42 78 100
8 1 35 38 43 69 76 91 92
7 8 12 22 45 46 52 54
5 17 23 40 41 89
4 4 16 19 32
5 2 47 64 84 92
7 22 25 33 39 62 66 80
5 2 58 60 62 70
7 1 18 51 67 70 85 88
6 6 28 30 62 73 78
5 49 53 58 69 77
6 15 20 31 46 65 75
2 14 48
4 2 23 31 100
3 42 51 58
5 2 25 42 51 99
1 88
6 10 14 27 34 69 87
5 6 25 30 74 98
1 51
5 21 49 74 85 89
2 62 82
6 48 51 73 79 81 86
3 26 32 38
1 39
5 34 42 51 59 73
4 1 9 61 100
4 19 34 58 61
5 49 72 82 97 99
6 8 40 49 53 62 69
3 24 52 78
4 20 71 77 81
4 4 33 44 96
5 25 52 60 78 100
3 27 50 64
3 15 39 59
5 18 48 73 86 97
5 2 23 51 57 71
8 9 12 24 48 61 69 89 100
2 42 88
8 9 10 26 47 67 72 81 87
2 30 96
3 27 29 40
4 1 14 87 96
4 13 31 49 81
9 14 42 49 51 60 65 66 70 82
8 12 22 28 29 31 35 39 95
2 55 64
11 3 8 11 12 31 32 49 65 68 84 94
4 24 38 56 92
3 43 66 92
9 25 26 32 34 42 81 85 91 98
5 2 6 24 26 44
2 44 52
9 2 27 29 56 62 70 72 89 96
6 10 18 28 88 89 96
8 12 17 33 39 78 83 84 87
3 30 38 72
3 5 12 65
3 20 86 90
5 8 13 15 91 93
2 17 36
2 48 61
4 67 76 95 98
8 12 28 49 56 71 80 87 99
6 10 34 37 46 67 79
4 49 64 80 100
7 24 33 36 52 58 92 97
5 11 32 37 45 47
5 1 38 60 80 84
4 18 44 73 87
6 17 23 28 48 50 51
7 6 43 67 71 73 79 99
5 11 29 71 99 100
10 14 39 40 53 83 85 87 91 92 99
2 11 94
3 40 48 70
2 30 38
7 20 51 58 59 66 67 91
2 65 85
3 19 32 80
9 5 24 31 33 34 36 65 87 97
5 43 50 68 72 90
4 1 26 36 90
5 11 12 94 97 100
6 12 16 17 33 37 74
4 13 23 26 38
6 11 22 28 43 54 86
5 37 48 53 68 71
4 2 6 39 70
9 20 51 55 59 63 80 94 98 100
5 12 34 41 45 65
3 22 33 49
4 7 28 72 78
5 13 18 47 68 71
4 23 53 91 93
6 1 2 14 34 35 39
3 18 24 90
7 1 6 20 32 49 62 74
3 11 60 82
6 14 17 20 28 54 89
3 60 68 88
2 46 100
4 23 50 73 78
3 5 88 93
7 9 24 36 58 59 84 96
1 4
2 3 39
2 28 88
4 5 43 67 79
7 23 24 28 44 46 60 61
9 1 3 4 20 31 52 67 83 84
2 8 55
4 38 58 84 95
3 3 37 86
5 6 13 39 65 100
3 10 30 44
3 32 45 93
3 55 79 97
7 21 36 39 61 74 77 93
4 7 24 43 81
8 2 3 12 25 49 72 76 99
2 26 81
4 24 37 45 95
3 1 25 27
5 18 48 50 77 98
8 27 42 58 75 81 84 90 91
5 26 34 64 78 97
10 2 10 14 24 26 35 60 68 70 79
3 3 16 41
7 2 11 45 51 58 79 81
5 6 15 17 38 75
5 2 20 24 44 64
7 23 56 58 76 80 81 90
2 19 61
6 29 34 41 57 96 100
8 4 43 46 51 69 88 92 96
2 29 30
6 32 38 39 45 51 63
9 24 27 35 49 52 61 65 72 82
6 24 31 54 64 66 73
4 5 30 40 44
6 6 24 25 71 85 90
4 23 52 81 99
5 16 48 59 63 87
6 21 28 77 82 84 99
5 22 27 51 75 76
7 9 11 20 23 36 41 50
7 17 24 25 50 56 67 71
8 20 33 37 48 50 83 85 96
7 4 18 47 50 65 92 97
5 24 43 46 84 96
5 3 10 26 38 51
7 25 34 42 62 72 75 94
5 18 22 60 77 80
5 1 2 20 39 58
8 3 7 40 41 53 59 81 86
5 35 69 72 74 76
6 8 16 36 69 95 98
8 21 32 54 65 66 67 79 90
4 10 53 71 75
5 5 20 37 80 89
6 12 28 45 54 56 65
7 20 48 49 68 81 86 99
5 13 35 56 77 84
3 19 32 76
8 12 24 28 45 62 63 69 71
8 14 20 21 39 66 80 87 90
1 11
7 10 24 32 35 37 66 86
5 15 24 73 76 83
5 26 56 59 72 100
8 14 30 43 51 53 85 99 100
4 28 35 41 98
4 49 51 77 100
7 14 19 71 75 83 85 86
6 9 14 30 32 42 71
8 4 43 62 67 80 89 93 100
9 8 15 25 60 65 66 74 93 98
5 2 14 60 62 96
4 24 53 64 85
5 8 9 30 40 100
3 21 27 33
6 26 27 34 63 64 86
8 14 24 34 37 51 54 66 79
5 53 64 69 78 98
4 21 35 55 65
6 12 22 54 64 67 70
5 4 11 12 53 84
5 37 45 69 71 73
8 13 42 47 62 68 83 84 85
6 13 37 49 58 74 93
4 7 13 36 94
5 14 20 29 35 85
6 5 24 64 65 79 90
3 49 80 85
