1547 2000
7 2 345 836 877 935 1174 1540
7 112 257 290 628 836 1142 1467
7 37 212 247 758 1106 1166 1195
7 832 895 923 936 1039 1407 1521
7 54 96 353 427 439 803 805
7 115 523 708 795 926 993 1423
7 49 335 532 915 1031 1262 1417
7 164 242 305 392 787 934 1066
7 280 378 587 630 706 736 1235
7 36 114 555 1106 1267 1416 1494
7 149 205 226 572 803 1327 1479
7 127 365 367 405 621 686 1453
7 292 341 447 1006 1022 1027 1520
7 86 536 704 811 1010 1044 1203
7 318 347 537 768 1243 1352 1474
7 242 259 449 554 671 943 1367
7 80 369 924 947 1112 1498 1533
7 18 110 151 231 296 857 1414
7 19 268 456 900 1000 1246 1373
7 9 264 1018 1175 1190 1239 1493
7 261 844 851 940 1049 1097 1454
7 181 548 841 1317 1335 1350 1434
7 410 411 496 829 848 979 1141
7 254 552 967 996 1117 1439 1451
7 168 323 729 852 895 1248 1331
7 338 909 1084 1143 1163 1266 1526
7 16 229 371 759 853 1057 1497
7 171 222 242 602 681 1249 1532
7 248 360 1123 1229 1248 1440 1474
7 376 547 606 954 1287 1367 1499
7 256 580 667 713 760 811 1310
7 325 547 555 585 895 1127 1448
7 220 496 665 945 1284 1317 1381
7 103 120 419 472 554 1307 1374
7 61 162 396 532 802 998 1470
7 152 360 581 807 1067 1073 1164
7 167 504 1021 1218 1352 1410 1505
7 3 173 764 979 981 1106 1419
7 302 515 744 1121 1146 1361 1463
7 45 208 557 558 629 1105 1170
7 339 359 408 531 964 1240 1505
7 366 393 687 1148 1223 1326 1348
7 113 234 406 604 678 907 1443
7 129 459 820 903 955 1148 1283
7 98 686 689 1053 1167 1189 1228
7 120 212 285 544 610 650 839
7 84 641 886 1052 1471 1522 1538
7 49 684 804 926 972 1170 1343
7 180 311 396 423 573 651 1497
7 6 775 780 843 964 981 1135
7 181 333 352 601 879 973 1319
7 412 536 553 594 622 1090 1176
7 60 377 409 858 917 992 1005
7 119 717 872 1020 1261 1289 1409
7 179 345 652 719 797 1191 1336
7 125 290 757 824 974 993 1072
7 168 243 640 792 870 879 1319
7 451 658 794 860 1196 1285 1304
7 89 105 466 650 867 1064 1437
7 144 208 624 683 1093 1239 1394
7 125 135 356 861 971 1156 1535
7 240 281 307 373 1045 1167 1465
7 70 262 263 371 437 601 1397
7 185 274 791 969 1001 1424 1462
7 197 368 381 1251 1289 1403 1493
7 115 331 474 639 899 1347 1431
7 88 98 309 355 779 1019 1544
7 181 362 500 516 549 1132 1520
7 142 266 369 663 853 947 1024
7 3 243 314 708 744 1047 1384
7 11 435 700 719 866 900 1150
7 47 235 604 723 1026 1113 1445
7 3 224 384 550 730 1043 1330
7 633 733 925 1107 1337 1494 1542
7 161 368 395 1091 1208 1409 1476
7 60 412 531 645 728 868 1265
7 121 475 628 689 760 986 1189
7 8 158 357 658 949 1113 1445
7 319 441 522 868 1092 1115 1124
7 123 217 438 564 648 1303 1349
7 124 401 497 640 1078 1247 1331
7 55 260 473 922 938 1366 1434
7 465 602 806 854 1185 1280 1459
7 307 361 459 492 904 1061 1489
7 85 457 460 465 509 517 650
7 236 360 827 1170 1200 1315 1429
7 232 341 504 574 804 1305 1427
7 22 313 710 853 909 1016 1481
7 277 291 298 607 888 1243 1315
7 5 424 523 631 944 1063 1095
7 808 826 948 989 1103 1323 1340
7 217 250 293 305 624 837 1056
7 194 388 557 597 760 1269 1444
7 9 304 336 1290 1461 1498 1519
7 77 129 438 865 1267 1346 1390
7 143 212 229 1023 1167 1298 1316
7 343 490 773 777 973 1322 1530
7 25 314 372 585 631 1416 1461
7 215 661 1105 1186 1297 1439 1442
7 180 289 713 726 803 873 1396
7 192 350 513 567 796 1221 1497
7 5 201 927 991 1321 1407 1527
7 28 99 106 579 682 969 1046
7 182 743 776 1055 1084 1281 1354
7 454 548 648 728 1036 1111 1483
7 9 904 914 1051 1301 1380 1477
7 549 1034 1145 1178 1256 1321 1423
7 294 643 1128 1150 1291 1350 1407
7 172 288 649 651 720 985 1500
7 173 249 567 767 909 954 1028
7 215 388 443 887 1313 1322 1350
7 95 985 1073 1082 1179 1202 1407
7 5 42 194 237 267 457 943
7 60 96 145 465 622 698 1261
7 132 423 425 484 542 954 1527
7 6 36 560 996 1015 1197 1410
7 200 313 450 666 841 1063 1296
7 68 150 207 256 276 426 505
7 474 578 589 833 891 907 1347
7 724 732 778 784 1013 1153 1207
7 349 440 595 721 732 964 1257
7 610 1023 1072 1099 1198 1263 1463
7 170 476 477 808 1019 1041 1375
7 801 844 924 1168 1351 1478 1513
7 17 20 869 1107 1293 1388 1524
7 29 799 851 949 1057 1306 1456
7 546 551 618 754 922 1163 1185
7 303 377 498 889 1061 1231 1304
7 134 168 603 821 848 1438 1474
7 103 199 1102 1291 1296 1443 1533
7 525 823 974 977 1108 1110 1329
7 127 331 431 616 1042 1313 1534
7 80 121 295 471 1226 1387 1418
7 157 292 293 298 751 830 846
7 113 199 458 471 545 713 1330
7 426 499 613 668 1395 1489 1506
7 52 188 254 738 839 1035 1396
7 465 513 771 946 1178 1181 1496
7 95 332 574 1016 1103 1168 1295
7 27 155 461 644 665 842 1133
7 224 304 678 698 890 896 1424
7 49 263 423 688 740 811 1367
7 169 371 420 673 724 765 1371
7 202 489 729 831 878 1269 1486
7 259 1033 1166 1169 1194 1236 1339
7 56 312 468 714 715 1169 1318
7 67 379 935 1032 1152 1222 1319
7 213 322 1105 1145 1289 1491 1529
7 46 186 511 1157 1213 1265 1283
7 26 223 442 477 681 802 1258
7 127 234 466 646 894 940 965
7 112 171 273 303 1022 1077 1321
7 100 362 1244 1283 1394 1468 1500
7 48 308 515 694 1118 1473 1515
7 2 299 419 531 827 973 1462
7 18 76 205 661 748 1227 1351
7 41 46 253 543 547 1142 1482
7 19 200 631 659 667 1036 1421
7 70 208 539 749 1123 1231 1366
7 14 79 746 837 951 1048 1286
7 315 742 764 792 800 1219 1331
7 109 202 453 524 619 1264 1266
7 33 69 418 545 725 761 1537
7 439 465 685 709 774 799 1177
7 495 569 712 723 724 1169 1475
7 257 349 400 541 596 1001 1526
7 156 529 768 856 1341 1520 1547
7 222 689 1051 1082 1098 1332 1453
7 86 193 264 388 600 1253 1387
7 283 339 782 926 1157 1401 1446
7 145 196 338 435 649 1110 1515
7 57 390 612 769 1180 1314 1439
7 36 220 559 725 1241 1249 1320
7 32 43 257 532 572 625 1436
7 52 291 510 722 828 995 1189
7 104 151 399 497 824 878 1380
7 129 290 407 1054 1133 1379 1542
7 115 212 463 475 515 647 887
7 263 765 789 951 1023 1166 1398
7 826 911 996 1171 1402 1414 1433
7 359 853 1020 1055 1057 1148 1392
7 65 164 431 590 829 1055 1280
7 428 464 529 561 877 885 1541
7 211 651 868 1161 1221 1341 1524
7 103 199 272 283 336 683 1002
7 63 286 709 983 1101 1178 1432
7 329 512 538 640 756 956 1267
7 104 194 208 330 420 779 973
7 64 182 439 488 582 705 1003
7 124 495 619 655 733 1070 1388
7 186 344 928 1143 1195 1234 1429
7 20 231 667 840 1058 1410 1512
7 78 294 322 604 819 998 1438
7 394 773 797 798 817 1146 1528
7 172 335 377 407 413 795 991
7 316 592 1007 1085 1190 1307 1465
7 180 206 459 789 1129 1150 1433
7 113 492 751 759 1252 1326 1375
7 8 137 584 763 985 1532 1537
7 255 898 902 1109 1313 1429 1503
7 123 161 432 724 1041 1081 1430
7 44 295 330 734 1340 1343 1356
7 206 241 454 611 1312 1372 1395
7 39 133 651 749 940 1178 1503
7 186 656 840 1072 1126 1254 1323
7 363 428 778 848 1159 1396 1499
7 65 469 628 744 1246 1330 1371
7 493 526 780 806 878 1324 1350
7 124 464 474 511 876 1093 1142
7 215 220 292 466 928 1002 1125
7 268 901 983 997 1127 1260 1311
7 209 630 698 858 887 918 1457
7 914 923 1011 1022 1034 1345 1385
7 130 170 701 1124 1232 1248 1349
7 103 112 166 178 904 994 1025
7 134 328 399 674 801 984 1085
7 107 149 429 664 943 1079 1484
7 100 339 379 409 791 1094 1417
7 115 232 272 281 658 1201 1472
7 166 376 503 715 805 1253 1319
7 122 218 353 530 656 812 1282
7 99 586 764 946 952 1068 1146
7 185 276 378 695 1026 1312 1393
7 380 558 1070 1107 1253 1462 1520
7 143 175 286 613 659 749 828
7 98 261 642 701 1012 1157 1315
7 126 406 500 509 963 1245 1269
7 184 317 320 438 487 909 1465
7 42 206 269 855 1321 1365 1473
7 349 445 578 628 709 1074 1506
7 192 225 657 890 1113 1165 1536
7 164 218 243 249 790 933 1167
7 61 143 1092 1155 1323 1425 1487
7 352 435 534 565 728 737 901
7 6 287 552 723 827 1406 1442
7 50 360 767 822 1019 1082 1429
7 175 331 368 433 958 1037 1441
7 65 341 448 626 899 1278 1343
7 37 149 611 641 713 859 877
7 281 605 719 1266 1397 1426 1439
7 119 307 681 856 1073 1187 1310
7 45 94 718 838 994 1092 1369
7 1 359 723 944 1035 1144 1524
7 363 463 681 813 863 982 1334
7 147 408 486 1166 1365 1376 1380
7 31 336 384 1075 1346 1416 1434
7 701 1131 1194 1241 1291 1392 1456
7 270 917 1027 1067 1149 1282 1507
7 77 362 599 1186 1191 1401 1436
7 363 650 702 925 1001 1277 1332
7 137 355 534 577 602 846 1354
7 58 170 456 462 537 593 999
7 24 183 667 834 847 915 1374
7 24 407 883 1004 1049 1344 1460
7 75 280 402 678 1043 1191 1457
7 231 794 868 1027 1195 1244 1368
7 87 414 571 589 871 1412 1481
7 314 666 851 923 997 1214 1445
7 40 206 520 822 843 1116 1203
7 682 693 1009 1029 1152 1353 1482
7 150 255 311 313 387 909 1076
7 2 63 306 485 1239 1272 1302
7 153 302 579 655 1249 1320 1547
7 18 327 465 467 533 1333 1369
7 233 348 766 789 1105 1215 1224
7 133 549 604 626 808 1158 1226
7 106 153 178 842 1021 1259 1366
7 122 922 1136 1244 1261 1438 1459
7 27 69 91 518 1438 1466 1545
7 535 910 1019 1247 1346 1509 1514
7 279 346 622 1052 1185 1342 1382
7 274 996 1035 1065 1144 1255 1336
7 293 321 577 639 868 933 1154
7 53 137 535 551 669 1081 1362
7 85 170 621 877 932 1216 1432
7 73 93 125 1059 1143 1159 1516
7 212 567 831 964 1270 1306 1517
7 13 480 685 829 1039 1161 1168
7 175 743 806 809 872 933 952
7 63 367 527 715 1295 1312 1517
7 256 341 417 909 1094 1424 1509
7 16 95 320 430 436 1236 1315
7 14 109 603 654 734 1138 1404
7 54 666 935 1176 1265 1292 1463
7 159 562 1215 1356 1378 1454 1540
7 233 284 632 852 1173 1392 1535
7 100 243 670 838 1082 1233 1392
7 266 510 627 689 741 1195 1506
7 13 331 414 1011 1151 1205 1298
7 106 144 762 918 957 1107 1377
7 351 412 449 568 620 943 1540
7 142 521 699 1077 1277 1304 1449
7 57 240 660 1069 1141 1324 1516
7 109 110 444 576 938 1344 1515
7 29 221 386 436 565 572 1115
7 46 512 603 623 869 1113 1205
7 14 553 592 753 914 947 1513
7 18 287 316 1210 1302 1440 1516
7 259 423 763 773 1090 1265 1362
7 339 490 559 591 708 823 1104
7 219 337 362 484 517 742 1443
7 294 415 833 892 902 1029 1092
7 251 253 632 801 820 872 1439
7 103 371 442 691 1132 1147 1357
7 532 575 863 888 1172 1259 1318
7 274 427 515 780 878 1067 1188
7 173 230 255 812 1190 1344 1392
7 136 195 829 1025 1327 1466 1488
7 184 310 386 713 1114 1257 1276
7 96 280 959 1046 1131 1151 1374
7 519 994 1183 1187 1469 1477 1539
7 2 323 484 706 996 1025 1192
7 22 169 344 382 422 967 1327
7 225 272 499 810 1129 1299 1406
7 385 400 648 852 1307 1468 1521
7 89 333 473 696 771 1254 1527
7 469 521 762 1092 1096 1100 1171
7 24 159 609 881 912 1110 1430
7 241 712 939 1164 1174 1241 1445
7 350 372 503 603 676 731 760
7 101 138 280 403 659 705 936
7 117 586 628 1159 1413 1421 1450
7 479 1077 1239 1279 1400 1481 1521
7 236 271 392 733 1200 1383 1529
7 65 302 418 638 960 1127 1485
7 725 942 954 980 1341 1388 1492
7 555 687 906 1124 1197 1214 1286
7 118 290 355 570 587 1037 1390
7 35 142 308 1045 1240 1454 1489
7 70 252 560 749 1133 1458 1518
7 365 471 472 520 583 659 1204
7 17 148 427 569 656 688 731
7 83 468 566 634 752 942 1244
7 10 285 411 512 738 999 1127
7 145 405 499 793 902 1098 1115
7 172 417 514 614 840 1018 1031
7 12 57 135 381 677 951 1284
7 478 573 667 796 979 1536 1538
7 80 277 291 407 828 965 1132
7 380 726 803 874 1470 1502 1528
7 72 395 620 1136 1143 1250 1396
7 119 271 498 503 783 976 1359
7 112 333 846 920 999 1420 1423
7 44 88 137 269 351 757 1042
7 215 311 345 676 1092 1149 1212
7 58 310 337 454 475 833 1142
7 105 137 557 1006 1108 1186 1452
7 342 441 526 535 544 548 1100
7 21 107 287 641 642 806 1017
7 269 469 851 882 963 1298 1339
7 182 388 725 964 1079 1310 1503
7 447 571 835 989 1044 1133 1350
7 556 571 573 811 825 913 1031
7 5 301 306 622 1225 1381 1544
7 249 445 683 716 717 1134 1442
7 270 463 795 946 1030 1334 1499
7 121 239 589 712 942 1063 1365
7 233 386 972 1230 1409 1426 1498
7 250 984 1076 1124 1152 1274 1435
7 176 327 495 516 746 1378 1531
7 66 237 416 422 454 623 1283
7 13 245 318 322 657 957 1095
7 169 507 548 1114 1174 1202 1211
7 178 318 602 637 662 1048 1085
7 19 613 617 845 1325 1387 1443
7 393 404 605 929 1046 1109 1369
7 226 375 509 758 1064 1325 1504
7 149 347 560 977 1310 1318 1411
7 17 72 546 854 895 1006 1309
7 316 438 990 1036 1200 1325 1483
7 180 181 496 577 671 1258 1367
7 157 184 277 286 662 826 976
7 326 452 643 921 1025 1385 1493
7 68 821 1048 1145 1176 1314 1467
7 2 271 706 780 807 1344 1528
7 540 651 694 950 966 1291 1371
7 172 357 506 530 580 1095 1360
7 381 780 1137 1236 1447 1448 1479
7 12 180 764 766 930 1202 1236
7 352 464 1140 1286 1373 1441 1519
7 20 164 568 608 793 882 1161
7 101 160 170 195 461 705 1528
7 118 139 319 357 524 752 1091
7 610 616 617 892 1115 1382 1519
7 220 764 879 899 1079 1305 1337
7 68 320 356 1091 1301 1339 1514
7 239 394 437 775 876 1052 1246
7 197 624 784 826 1064 1114 1531
7 9 745 854 863 1117 1425 1436
7 4 207 272 809 823 1056 1136
7 385 608 716 726 731 1110 1209
7 190 667 739 812 820 1189 1331
7 99 302 442 669 767 953 956
7 52 144 263 583 637 717 891
7 33 259 364 389 691 1126 1329
7 292 514 704 879 1155 1329 1483
7 152 258 789 886 1003 1189 1230
7 153 420 752 1135 1222 1390 1535
7 39 91 373 443 593 1278 1535
7 53 62 182 276 589 939 1308
7 113 333 831 839 855 997 1391
7 86 360 714 807 935 1388 1543
7 246 394 937 1036 1134 1274 1337
7 42 52 104 325 1126 1211 1351
7 204 489 564 588 625 1479 1487
7 659 756 935 1087 1223 1267 1277
7 2 25 296 374 493 1051 1220
7 163 242 316 488 635 756 1482
7 90 158 351 387 781 1354 1484
7 379 706 780 1064 1088 1181 1217
7 390 638 674 692 1478 1511 1543
7 191 639 740 903 1247 1394 1408
7 155 761 1007 1055 1101 1364 1377
7 326 669 711 755 863 1075 1490
7 54 143 189 491 559 1392 1475
7 279 296 627 752 798 972 1100
7 115 174 904 998 1080 1168 1363
7 167 358 756 758 1277 1284 1300
7 226 490 958 1292 1440 1462 1533
7 223 380 472 527 643 733 1223
7 205 210 265 273 728 886 1428
7 44 407 1099 1254 1292 1455 1511
7 308 316 1043 1124 1361 1399 1531
7 81 352 502 857 939 1306 1541
7 9 162 183 537 844 1042 1352
7 92 98 297 928 1069 1226 1504
7 63 85 170 413 692 1407 1411
7 577 681 845 932 974 1360 1477
7 277 294 300 439 1412 1424 1470
7 119 247 335 447 817 1051 1223
7 148 321 617 742 759 1409 1416
7 356 601 860 929 1328 1417 1447
7 267 417 765 1186 1383 1418 1460
7 166 405 634 810 1015 1018 1047
7 242 314 522 530 847 1368 1517
7 508 725 742 830 1118 1192 1270
7 179 227 365 798 970 1036 1527
7 218 314 498 1001 1139 1173 1400
7 230 303 629 755 1211 1350 1488
7 914 945 1110 1227 1397 1426 1435
7 328 342 494 776 999 1259 1293
7 59 103 315 915 968 1278 1473
7 190 309 472 533 1049 1072 1188
7 234 830 1003 1029 1099 1208 1531
7 202 237 843 939 1205 1206 1514
7 20 208 281 359 663 1164 1381
7 1 675 700 711 772 1385 1467
7 438 493 676 944 1053 1404 1492
7 170 500 833 868 988 1110 1463
7 283 382 592 613 664 799 1425
7 30 303 741 982 1131 1268 1537
7 163 681 858 1041 1067 1180 1522
7 385 895 897 1177 1255 1384 1541
7 292 556 575 612 799 1096 1407
7 143 310 649 713 904 1086 1212
7 112 259 344 573 1358 1424 1456
7 294 678 941 1032 1067 1339 1536
7 187 247 271 436 633 902 1320
7 361 478 511 1305 1397 1439 1480
7 124 235 469 582 763 1042 1434
7 417 434 451 652 1235 1324 1433
7 831 1018 1087 1114 1131 1288 1431
7 262 467 1112 1252 1271 1468 1494
7 208 281 549 691 707 846 1099
7 221 231 466 757 1004 1144 1465
7 254 358 903 1011 1135 1185 1258
7 3 479 634 756 981 1014 1243
7 119 410 478 483 617 1366 1446
7 133 268 418 430 528 1068 1089
7 88 437 455 467 671 699 701
7 187 473 576 670 838 931 1013
7 18 123 151 283 361 419 747
7 64 166 603 636 822 894 966
7 6 33 119 342 581 981 1351
7 107 384 906 932 1177 1211 1226
7 132 152 501 527 613 858 1356
7 414 633 938 1035 1075 1232 1379
7 506 586 740 1062 1288 1300 1495
7 203 529 581 648 889 1178 1541
7 372 420 616 786 929 1384 1399
7 68 75 678 690 888 1021 1092
7 77 97 131 161 456 972 992
7 63 486 678 755 870 1009 1495
7 339 577 605 861 978 1213 1446
7 218 457 895 1187 1218 1240 1454
7 468 513 534 539 544 654 1315
7 136 225 283 619 1009 1294 1423
7 42 113 628 670 785 925 1127
7 61 213 543 616 797 1046 1256
7 220 252 275 854 903 1183 1334
7 156 461 567 848 958 1395 1396
7 66 109 211 488 528 947 1227
7 265 538 612 696 1092 1471 1527
7 60 182 307 808 884 1460 1484
7 51 325 621 868 967 1022 1291
7 7 324 663 864 1002 1102 1242
7 453 478 837 1002 1100 1350 1533
7 110 845 1063 1078 1120 1279 1545
7 21 541 598 658 1005 1069 1250
7 22 122 128 307 672 1262 1294
7 344 381 495 535 936 990 1424
7 79 169 265 452 647 1224 1525
7 51 93 277 434 979 1230 1360
7 462 606 876 885 1233 1308 1533
7 67 281 690 762 1198 1270 1367
7 54 179 249 661 814 1149 1262
7 229 254 757 829 929 1274 1418
7 60 78 136 225 245 535 549
7 1 380 880 982 1026 1112 1389
7 174 456 524 846 1220 1310 1489
7 32 84 177 446 513 712 1014
7 317 1019 1056 1074 1209 1466 1539
7 144 367 401 837 939 992 1156
7 88 423 541 561 782 1451 1500
7 216 284 362 403 1145 1194 1336
7 256 395 411 518 586 684 687
7 23 236 678 737 870 1269 1418
7 597 869 1082 1112 1213 1230 1534
7 222 286 794 825 951 1166 1477
7 180 513 702 718 1014 1086 1198
7 205 266 306 503 1020 1096 1542
7 522 547 793 977 1180 1290 1425
7 230 568 946 1232 1430 1472 1486
7 70 92 415 495 861 930 1522
7 27 83 483 507 614 993 1414
7 80 319 500 533 560 1384 1494
7 78 473 907 1006 1464 1479 1523
7 53 147 370 520 708 788 1251
7 10 461 697 873 928 1060 1221
7 40 203 441 563 599 1178 1248
7 568 774 842 888 967 1313 1457
7 92 387 589 849 1050 1188 1362
7 95 375 448 469 819 881 1000
7 356 884 1054 1139 1242 1249 1359
7 66 114 422 688 711 1193 1287
7 168 677 769 780 923 1146 1154
7 656 937 997 1006 1210 1243 1412
7 176 237 290 332 672 760 1010
7 283 366 431 653 771 1394 1460
7 276 357 439 501 502 520 632
7 515 593 806 1204 1273 1282 1363
7 336 464 1082 1197 1296 1460 1472
7 150 183 759 1270 1286 1326 1344
7 539 1020 1116 1131 1192 1229 1318
7 111 299 327 787 943 988 1354
7 215 278 620 692 766 783 1171
7 94 204 223 823 867 1072 1121
7 83 506 663 861 1193 1258 1337
7 52 204 272 623 838 891 1346
7 563 771 1025 1235 1271 1483 1511
7 128 502 822 1034 1306 1365 1401
7 22 138 358 506 622 675 948
7 248 820 862 892 1074 1202 1439
7 20 264 449 483 960 962 1081
7 79 112 268 398 711 717 804
7 325 697 931 944 1226 1355 1402
7 148 335 357 745 1068 1146 1541
7 39 621 1094 1120 1226 1349 1505
7 516 743 965 1029 1062 1085 1088
7 407 559 1159 1173 1486 1496 1543
7 241 444 595 639 979 1151 1171
7 221 424 675 991 1111 1117 1170
7 53 119 674 876 1084 1365 1381
7 58 564 619 695 743 1007 1460
7 94 652 714 740 915 1014 1020
7 116 120 173 917 1368 1504 1541
7 358 380 390 403 553 587 776
7 312 333 513 542 705 1407 1489
7 189 448 524 976 1212 1409 1454
7 424 538 633 658 777 1320 1439
7 56 337 529 609 800 1177 1301
7 69 248 440 770 984 1376 1399
7 481 774 1037 1126 1200 1219 1463
7 48 526 852 894 1095 1187 1307
7 5 86 133 191 620 1048 1204
7 460 552 772 960 1192 1370 1480
7 1 55 130 564 994 1030 1524
7 321 508 755 901 953 963 1070
7 45 224 379 891 993 1285 1542
7 338 488 813 954 1035 1345 1401
7 367 435 527 698 1059 1065 1252
7 172 426 445 449 539 920 1280
7 199 282 579 750 1013 1198 1391
7 470 571 769 835 1079 1156 1484
7 28 238 474 815 1058 1199 1293
7 318 576 702 889 1194 1291 1475
7 38 135 693 767 1012 1169 1427
7 228 270 661 663 1019 1362 1379
7 96 101 250 364 566 630 1451
7 26 42 268 288 700 907 1128
7 141 168 426 529 625 1055 1478
7 219 444 774 856 981 1430 1462
7 301 514 794 920 1059 1078 1422
7 34 414 458 671 690 762 1446
7 421 705 738 753 1112 1153 1255
7 224 508 878 911 962 1286 1295
7 59 70 282 602 613 678 1344
7 188 268 367 893 1013 1140 1280
7 418 452 530 910 955 1290 1544
7 345 457 557 912 1182 1322 1437
7 131 178 215 488 568 611 744
7 153 461 1037 1090 1215 1238 1447
7 65 118 520 523 794 896 1058
7 541 635 745 792 913 1297 1481
7 185 202 404 450 1254 1395 1509
7 442 477 646 736 838 971 1129
7 101 463 815 855 1191 1210 1433
7 214 400 827 972 1007 1166 1353
7 214 230 327 390 692 773 1095
7 419 617 682 852 932 1380 1422
7 32 370 446 631 1033 1053 1394
7 102 149 303 816 830 832 1093
7 136 163 207 238 516 1061 1240
7 179 705 784 854 1194 1332 1494
7 478 782 888 899 1016 1179 1309
7 462 608 716 817 1000 1051 1249
7 383 490 649 765 943 1130 1450
7 313 733 864 1287 1369 1386 1438
7 686 688 710 968 1170 1280 1385
7 45 516 994 1139 1168 1258 1422
7 82 223 270 798 961 1476 1544
7 224 233 265 814 1119 1398 1448
7 489 564 820 883 1093 1107 1339
7 554 779 889 970 1142 1469 1499
7 17 117 316 487 1279 1344 1361
7 22 617 847 859 908 1035 1452
7 27 193 443 660 806 1314 1502
7 15 23 213 311 628 997 1337
7 402 421 715 931 977 1062 1352
7 49 185 223 463 564 1130 1456
7 728 829 1013 1109 1134 1288 1461
7 36 83 464 587 834 1128 1182
7 79 328 346 556 735 952 981
7 273 374 482 705 1205 1432 1483
7 32 300 354 730 983 1135 1309
7 15 153 921 928 1277 1409 1502
7 375 855 901 912 930 1274 1340
7 26 146 194 206 243 448 1117
7 202 291 360 546 880 1219 1444
7 10 16 40 50 217 721 1197
7 61 75 337 918 985 1334 1503
7 63 116 160 259 306 507 849
7 42 43 474 483 666 1049 1536
7 126 252 346 560 1168 1408 1510
7 325 773 928 1047 1153 1332 1402
7 44 362 576 819 977 1097 1403
7 123 170 297 776 790 986 1360
7 188 190 855 911 1118 1159 1354
7 101 203 272 418 1029 1363 1470
7 258 260 509 615 651 879 925
7 318 334 406 896 962 1065 1118
7 132 155 296 475 716 1044 1391
7 405 426 459 956 1033 1143 1185
7 19 389 644 710 1013 1097 1338
7 121 125 520 579 790 1191 1403
7 301 619 830 1273 1355 1392 1496
7 28 63 299 370 480 727 854
7 232 338 483 670 737 982 1273
7 450 723 779 1160 1365 1464 1505
7 188 222 716 884 1039 1080 1547
7 322 450 675 1063 1153 1314 1482
7 394 575 618 850 885 920 1506
7 41 194 391 643 823 1047 1184
7 299 451 487 906 1180 1244 1494
7 227 403 432 832 1096 1102 1441
7 575 709 723 1038 1474 1478 1539
7 388 462 680 702 1167 1372 1445
7 163 372 551 673 1405 1434 1450
7 74 680 782 918 988 1345 1378
7 587 710 1104 1206 1309 1487 1527
7 359 548 605 620 1098 1317 1474
7 204 224 265 273 515 536 855
7 211 360 668 1175 1191 1218 1538
7 182 352 502 948 1181 1192 1292
7 587 793 837 1069 1126 1216 1308
7 356 629 690 871 1130 1257 1335
7 232 354 522 790 855 860 1161
7 598 783 1066 1421 1426 1453 1512
7 200 406 447 575 776 1109 1326
7 134 552 607 1114 1172 1222 1425
7 220 282 614 743 785 1252 1405
7 12 319 369 572 920 1134 1340
7 470 592 612 809 988 1207 1339
7 331 410 591 747 1131 1237 1257
7 22 26 41 823 938 1196 1513
7 178 597 736 757 878 910 1526
7 86 388 504 743 895 936 1016
7 90 105 504 638 976 1179 1298
7 301 504 714 724 1074 1260 1408
7 265 358 361 744 936 1137 1234
7 66 332 413 1105 1175 1231 1341
7 44 494 681 733 1323 1482 1488
7 327 354 549 749 890 1210 1402
7 378 404 408 443 583 1070 1101
7 298 384 688 1067 1124 1422 1504
7 335 433 961 1195 1242 1270 1440
7 322 481 671 761 814 934 1018
7 265 268 817 819 841 844 1293
7 68 324 389 804 1060 1435 1489
7 161 418 559 685 905 974 1500
7 90 143 473 476 945 1137 1330
7 970 977 982 1080 1328 1479 1518
7 139 186 249 579 770 1152 1506
7 34 711 753 1131 1182 1241 1501
7 113 749 751 1129 1288 1428 1453
7 127 203 675 773 1207 1243 1329
7 144 303 433 624 1207 1250 1443
7 4 282 316 696 768 883 1417
7 192 344 349 610 922 1123 1353
7 198 894 898 905 920 1284 1294
7 35 46 61 472 769 1017 1507
7 289 482 556 593 975 1331 1466
7 382 537 691 760 1030 1163 1488
7 475 557 756 866 1271 1341 1382
7 140 430 563 721 883 1242 1373
7 418 665 718 1069 1269 1370 1485
7 377 452 724 1012 1021 1452 1517
7 209 772 792 946 1038 1511 1538
7 17 94 115 409 430 1094 1158
7 398 478 673 1250 1291 1496 1506
7 141 150 596 886 1020 1383 1420
7 177 245 269 353 486 927 1429
7 188 944 951 965 1267 1378 1472
7 168 187 434 562 703 727 1124
7 383 415 441 1031 1033 1198 1541
7 263 532 715 1300 1316 1505 1523
7 53 57 116 594 647 894 1081
7 275 565 731 841 1019 1268 1274
7 513 695 949 1147 1266 1311 1534
7 36 189 237 353 640 875 1022
7 154 297 500 547 624 1130 1502
7 78 255 753 987 1135 1397 1480
7 162 386 390 567 741 1139 1491
7 671 707 1058 1158 1318 1339 1427
7 267 377 428 701 1180 1268 1536
7 121 425 552 637 657 869 1306
7 49 117 119 558 783 1328 1382
7 319 391 1091 1254 1314 1446 1449
7 257 263 476 1166 1337 1455 1530
7 40 455 519 846 1127 1516 1544
7 162 395 442 497 548 714 1419
7 24 70 85 187 519 544 1308
7 60 83 223 545 861 956 1013
7 53 111 494 988 1368 1385 1417
7 311 539 547 729 730 810 1330
7 454 893 1106 1216 1258 1293 1471
7 117 124 238 401 831 1264 1445
7 196 353 441 652 765 1329 1520
7 293 408 511 512 514 1487 1529
7 305 342 969 1078 1502 1509 1510
7 331 388 547 699 1021 1050 1263
7 66 376 414 739 756 846 949
7 93 161 167 403 572 699 1443
7 19 223 246 732 766 811 945
7 379 386 395 1097 1161 1246 1268
7 99 193 704 725 781 1125 1414
7 138 267 869 880 1224 1333 1484
7 23 179 228 1009 1030 1142 1260
7 238 297 774 1080 1183 1205 1445
7 293 787 797 894 1387 1481 1486
7 227 465 490 818 936 1418 1451
7 9 395 571 629 658 1273 1435
7 727 835 1045 1219 1283 1318 1499
7 84 191 535 749 940 1033 1069
7 48 421 447 606 1094 1244 1491
7 151 248 573 683 727 990 1134
7 479 609 871 887 999 1053 1524
7 279 450 863 1130 1165 1426 1453
7 202 256 886 1026 1098 1374 1529
7 122 530 867 917 1001 1263 1373
7 87 503 815 874 1178 1233 1486
7 255 291 312 342 645 1392 1413
7 20 440 598 683 758 1061 1472
7 46 455 596 858 975 1115 1535
7 256 315 351 357 862 876 1477
7 58 391 476 768 1349 1380 1486
7 35 121 309 329 587 961 1300
7 411 1024 1028 1092 1151 1203 1487
7 211 598 650 708 773 858 1363
7 41 225 393 630 801 1046 1342
7 375 427 536 668 1083 1459 1467
7 305 313 425 537 662 1025 1423
7 92 192 357 493 619 951 1123
7 45 231 550 719 863 866 954
7 114 184 230 545 1060 1337 1384
7 318 642 735 988 1076 1217 1415
7 251 364 563 622 638 866 1436
7 214 392 788 848 856 1062 1120
7 267 344 499 500 1262 1269 1411
7 47 285 401 664 994 1119 1238
7 103 191 570 620 813 917 1149
7 972 1076 1125 1306 1326 1422 1470
7 80 312 377 596 998 1362 1377
7 482 695 996 1227 1237 1354 1437
7 55 100 347 574 849 1045 1309
7 274 284 383 403 1203 1486 1523
7 486 692 1061 1122 1199 1274 1283
7 167 382 384 420 562 1263 1338
7 5 342 494 1057 1082 1147 1496
7 421 623 830 911 1044 1184 1469
7 61 97 448 510 913 975 1027
7 56 73 122 768 1141 1518 1523
7 35 52 129 203 569 975 1417
7 1 39 307 625 932 1064 1527
7 72 301 322 401 672 739 1202
7 759 827 1049 1105 1116 1251 1507
7 48 233 425 434 1224 1241 1333
7 369 586 637 681 748 1187 1221
7 141 186 223 416 516 1243 1369
7 134 618 644 988 1337 1402 1442
7 279 384 435 1077 1141 1165 1543
7 27 147 489 528 624 1345 1531
7 34 60 385 935 1007 1513 1533
7 124 292 426 469 1032 1448 1509
7 7 58 142 472 591 1152 1529
7 52 470 710 1043 1074 1359 1384
7 314 415 600 1201 1336 1513 1542
7 376 531 1010 1164 1398 1501 1530
7 58 451 463 475 781 1032 1174
7 8 565 842 1009 1025 1038 1473
7 240 635 899 1097 1166 1275 1437
7 4 99 234 532 553 1003 1446
7 202 342 693 955 986 1296 1468
7 101 402 442 881 1106 1323 1450
7 607 654 923 1135 1161 1262 1421
7 391 408 486 531 797 808 1253
7 91 246 538 759 1197 1375 1490
7 336 480 854 868 1151 1315 1532
7 20 201 284 357 905 908 1492
7 564 694 1043 1116 1179 1212 1362
7 299 442 686 778 1084 1231 1511
7 178 615 765 919 970 1121 1464
7 240 455 645 833 1049 1266 1376
7 47 821 1088 1094 1158 1249 1340
7 295 631 632 715 781 1059 1138
7 115 280 586 794 919 993 1401
7 141 532 724 857 1173 1265 1534
7 413 668 679 695 818 853 1157
7 25 725 1143 1172 1219 1394 1446
7 535 666 869 960 1111 1254 1435
7 33 217 435 453 692 1212 1296
7 175 355 378 916 1040 1084 1513
7 175 1038 1203 1280 1324 1424 1466
7 72 594 652 779 1027 1192 1386
7 100 579 748 758 1214 1259 1405
7 128 660 782 916 1079 1299 1338
7 116 172 225 268 1153 1221 1253
7 338 546 763 927 1189 1245 1398
7 313 699 904 1070 1148 1434 1454
7 109 493 584 700 987 1182 1346
7 43 825 976 979 1065 1146 1441
7 258 378 750 1104 1115 1196 1273
7 72 396 453 1099 1267 1323 1455
7 425 458 647 795 1193 1242 1504
7 190 269 674 735 789 988 1080
7 114 149 535 637 882 1122 1475
7 10 436 605 654 744 856 1540
7 4 205 397 482 545 1017 1245
7 400 444 550 555 880 910 1000
7 164 250 285 843 1125 1237 1520
7 13 199 246 471 899 1331 1480
7 138 214 884 964 1001 1212 1304
7 3 94 344 596 748 1187 1272
7 229 417 504 646 1017 1057 1505
7 282 363 471 553 669 1458 1532
7 81 343 672 893 1039 1349 1462
7 93 96 383 485 500 792 1353
7 450 818 933 1197 1215 1227 1357
7 312 380 455 809 870 1005 1194
7 467 620 871 1190 1206 1228 1360
7 552 560 561 633 785 882 1327
7 3 212 632 809 863 1046 1222
7 261 462 558 684 1065 1182 1246
7 38 212 266 583 1023 1206 1286
7 109 774 841 896 1209 1469 1508
7 12 56 262 645 906 1253 1285
7 341 611 654 740 1113 1233 1540
7 16 87 517 605 1179 1284 1289
7 225 320 986 1096 1309 1441 1521
7 55 136 1064 1200 1423 1447 1477
7 402 449 705 755 1140 1327 1457
7 38 238 468 979 1010 1179 1206
7 527 629 641 707 803 970 1361
7 299 463 555 611 1129 1269 1339
7 39 455 572 734 952 960 1418
7 152 229 247 537 715 717 1493
7 237 381 770 803 895 1066 1347
7 57 84 275 471 1093 1463 1470
7 297 327 346 438 605 974 1381
7 12 203 444 533 795 1131 1279
7 149 498 550 1188 1377 1468 1537
7 227 247 498 667 803 840 939
7 171 336 456 485 487 502 776
7 25 306 446 480 646 848 1313
7 252 640 1036 1151 1293 1330 1388
7 56 214 442 452 839 1154 1467
7 84 431 504 740 950 1305 1364
7 355 414 813 1027 1348 1430 1473
7 248 404 563 641 1000 1073 1375
7 68 303 444 460 594 1087 1289
7 310 336 489 601 773 1345 1480
7 81 155 211 566 1199 1420 1495
7 66 109 239 251 725 1387 1460
7 87 403 520 835 1097 1236 1408
7 41 151 487 1024 1485 1516 1533
7 58 108 487 1084 1111 1415 1441
7 309 599 956 1368 1520 1525 1532
7 68 91 455 468 772 932 1203
7 118 195 451 709 747 1416 1435
7 49 185 385 652 771 1037 1136
7 126 275 296 334 1000 1421 1456
7 221 320 669 913 1003 1111 1540
7 147 192 908 948 953 1294 1344
7 545 676 984 1012 1294 1359 1481
7 6 216 536 644 759 796 1097
7 42 131 143 152 379 783 788
7 82 616 738 881 928 1046 1270
7 136 224 430 521 1079 1171 1240
7 24 137 418 654 909 1169 1213
7 453 525 700 975 1027 1098 1134
7 32 345 459 866 962 997 1331
7 132 167 270 441 921 1144 1307
7 45 247 813 1154 1190 1224 1382
7 233 550 580 583 914 937 1435
7 35 127 704 786 803 856 1023
7 25 569 771 793 805 1176 1204
7 177 240 433 486 739 1154 1529
7 772 892 1045 1331 1388 1403 1410
7 477 551 598 809 1236 1239 1279
7 78 455 673 850 1006 1224 1268
7 507 721 810 865 980 1042 1302
7 288 377 885 1329 1374 1384 1515
7 50 151 289 1060 1160 1270 1391
7 62 241 266 686 713 747 1175
7 72 210 257 658 730 1228 1324
7 168 267 679 840 867 1196 1321
7 47 495 554 582 1123 1195 1490
7 139 543 596 816 1177 1290 1369
7 9 430 447 1088 1275 1340 1358
7 174 196 753 786 816 877 1052
7 544 833 968 1018 1045 1375 1431
7 434 607 848 1203 1484 1493 1509
7 65 329 460 563 607 896 1447
7 132 146 250 397 1246 1262 1545
7 106 430 684 844 883 1438 1468
7 22 449 505 824 1077 1113 1231
7 158 178 332 417 524 547 1022
7 58 265 409 527 578 1033 1214
7 640 748 781 1245 1398 1421 1423
7 432 590 599 1067 1283 1316 1397
7 511 930 978 986 1217 1256 1281
7 219 293 294 441 474 766 1195
7 303 307 473 480 574 737 1287
7 116 135 148 919 1086 1220 1307
7 139 288 353 766 787 845 883
7 79 142 274 444 595 789 798
7 26 692 1054 1067 1106 1137 1255
7 51 399 1044 1066 1083 1441 1491
7 428 899 934 985 987 1247 1467
7 270 274 472 481 482 730 1518
7 243 289 567 1012 1045 1075 1226
7 126 143 184 492 643 1122 1378
7 22 415 843 887 1352 1358 1456
7 55 67 73 905 1134 1278 1318
7 40 401 947 973 1352 1367 1513
7 62 518 621 1241 1289 1334 1412
7 344 611 696 995 1297 1405 1507
7 34 339 452 815 991 1285 1545
7 362 389 543 617 779 1303 1308
7 54 117 632 993 1233 1242 1489
7 74 639 694 959 1286 1308 1528
7 44 64 135 404 465 942 1357
7 102 447 884 950 1012 1102 1547
7 344 525 898 1024 1038 1267 1477
7 266 662 687 931 1041 1182 1357
7 293 296 454 576 696 1297 1373
7 554 607 809 1053 1236 1317 1485
7 127 201 372 731 808 1311 1356
7 161 210 232 566 814 952 1081
7 295 429 499 534 629 739 874
7 367 491 645 664 1142 1260 1361
7 56 234 360 630 820 1178 1540
7 290 437 980 1003 1104 1119 1539
7 354 537 555 932 1228 1391 1478
7 279 324 683 1043 1292 1314 1452
7 344 550 792 953 1007 1162 1414
7 290 298 339 567 612 1394 1525
7 21 180 260 464 648 784 1297
7 133 343 351 502 873 927 991
7 73 555 865 958 1002 1074 1547
7 111 147 583 635 720 1398 1452
7 420 675 937 1324 1376 1432 1456
7 235 560 561 956 1098 1306 1540
7 79 488 608 638 640 659 1539
7 16 67 108 374 495 1138 1287
7 106 142 172 232 1031 1192 1335
7 59 120 328 385 483 698 1161
7 713 934 956 1074 1088 1100 1395
7 140 229 655 680 741 1000 1286
7 182 492 536 760 765 818 1117
7 135 139 150 404 900 1008 1508
7 926 933 1034 1126 1181 1370 1404
7 240 252 606 866 969 973 1145
7 530 822 1183 1345 1358 1368 1388
7 411 655 661 989 1098 1289 1307
7 310 413 424 693 759 830 1488
7 45 85 374 398 1036 1203 1488
7 98 218 355 798 893 1256 1482
7 76 273 982 1071 1216 1218 1386
7 162 796 1038 1129 1155 1414 1544
7 174 214 350 852 978 1415 1509
7 576 746 870 917 1413 1508 1511
7 236 620 722 738 957 1128 1385
7 334 562 752 859 926 1516 1535
7 42 148 429 552 1234 1302 1432
7 460 609 644 948 1163 1284 1473
7 141 323 354 428 622 656 770
7 11 515 522 601 874 1186 1527
7 416 599 672 821 1282 1299 1411
7 125 179 443 1270 1373 1407 1459
7 10 820 927 1121 1179 1245 1532
7 4 68 275 477 633 777 801
7 525 734 776 873 1137 1208 1415
7 8 85 189 410 729 1138 1415
7 114 179 231 782 1171 1295 1456
7 503 881 970 975 1304 1424 1505
7 33 134 437 732 918 1215 1422
7 43 259 512 524 554 984 1389
7 1 511 856 933 971 1266 1492
7 112 173 402 431 1089 1163 1448
7 168 175 391 637 679 693 1309
7 245 462 499 786 934 973 1209
7 11 146 269 383 672 916 1525
7 28 810 941 958 968 1204 1491
7 12 422 633 703 754 1111 1233
7 21 251 257 634 644 1257 1488
7 36 241 285 788 1157 1416 1542
7 174 383 436 491 912 1126 1132
7 14 172 246 689 953 1343 1476
7 46 150 703 912 1317 1454 1530
7 52 171 556 1069 1211 1302 1364
7 31 120 182 304 428 554 1391
7 99 464 643 770 958 1136 1316
7 31 723 742 1276 1440 1447 1546
7 86 158 340 554 697 1184 1428
7 543 716 911 936 1071 1358 1375
7 197 286 508 711 722 1210 1444
7 31 430 642 918 945 1014 1343
7 326 429 907 998 1113 1188 1528
7 412 483 500 921 960 1021 1480
7 447 867 915 986 1121 1273 1452
7 7 345 721 785 891 978 1114
7 355 744 787 839 962 1181 1216
7 94 126 156 512 713 850 1345
7 287 604 720 846 963 992 1347
7 102 279 337 1089 1355 1406 1413
7 19 111 710 934 1250 1280 1282
7 537 570 726 826 1081 1265 1382
7 521 891 934 1070 1101 1319 1404
7 558 568 693 712 1274 1507 1522
7 30 162 257 558 571 834 1373
7 111 162 397 624 1048 1141 1333
7 48 199 491 586 714 1159 1315
7 74 236 633 805 849 1326 1541
7 109 129 166 450 864 892 1249
7 95 353 440 525 1116 1189 1501
7 187 518 847 1355 1385 1410 1543
7 521 714 785 839 848 974 1485
7 5 156 197 371 399 1238 1272
7 480 484 687 697 809 823 1471
7 94 382 385 549 604 741 975
7 1020 1108 1121 1154 1161 1373 1485
7 123 221 836 982 1136 1171 1271
7 214 367 439 593 721 955 1075
7 255 322 522 569 992 1015 1394
7 198 864 904 989 1001 1109 1542
7 88 125 539 704 833 1283 1322
7 260 682 960 1037 1084 1118 1411
7 60 160 230 413 1085 1135 1476
7 358 609 668 813 900 963 1322
7 71 519 664 691 799 823 1227
7 521 526 730 773 1198 1331 1332
7 166 287 298 377 529 971 1232
7 311 599 635 639 747 1225 1240
7 110 407 430 611 661 1202 1342
7 233 427 440 741 1294 1390 1420
7 457 467 616 666 822 1478 1546
7 337 839 886 974 1110 1252 1370
7 14 89 457 573 796 857 995
7 31 178 366 439 748 902 927
7 312 506 734 813 1170 1183 1371
7 152 334 479 492 536 808 1197
7 608 665 778 860 940 1347 1364
7 67 316 385 425 1007 1116 1498
7 75 468 755 1253 1257 1332 1502
7 176 209 481 640 775 821 1473
7 35 43 223 1086 1091 1339 1348
7 19 157 348 421 598 960 1087
7 33 972 974 1018 1238 1296 1477
7 28 326 392 523 664 1279 1312
7 315 619 697 1020 1045 1156 1360
7 179 284 483 931 995 1448 1508
7 165 343 466 857 904 1062 1399
7 310 555 685 841 842 1034 1295
7 403 528 546 562 1189 1275 1532
7 294 395 485 578 967 1101 1295
7 207 305 845 888 1014 1035 1103
7 8 73 729 880 1262 1400 1479
7 409 442 585 785 789 1489 1490
7 307 559 618 655 795 890 1457
7 141 346 560 593 665 849 1358
7 806 930 994 1144 1183 1291 1338
7 110 122 340 350 1313 1522 1543
7 755 860 909 913 1201 1216 1495
7 15 671 674 714 872 1026 1147
7 160 324 1076 1155 1316 1348 1510
7 170 488 626 639 738 807 1524
7 302 328 347 832 1008 1205 1501
7 825 847 992 1017 1340 1385 1493
7 542 558 612 718 913 1004 1228
7 108 166 235 387 663 701 1210
7 238 383 416 797 1066 1235 1522
7 431 751 834 1068 1290 1421 1542
7 476 615 621 879 1002 1089 1329
7 51 309 340 729 1297 1356 1421
7 66 503 1024 1026 1033 1201 1487
7 343 548 673 799 1087 1495 1521
7 66 100 179 323 375 965 1480
7 107 128 157 456 1047 1086 1195
7 1 339 609 690 1104 1419 1504
7 506 543 604 684 816 1038 1171
7 7 203 1095 1096 1150 1223 1451
7 92 470 530 1047 1088 1325 1474
7 156 216 220 969 1102 1422 1495
7 17 221 559 676 869 1140 1492
7 645 769 853 924 977 1264 1455
7 125 323 862 1000 1054 1276 1425
7 163 361 406 462 571 729 1288
7 57 89 107 129 980 1193 1256
7 188 348 679 827 999 1021 1489
7 167 289 350 518 734 1207 1283
7 7 11 387 582 856 1067 1229
7 89 211 304 815 1129 1361 1412
7 164 566 1095 1108 1153 1412 1419
7 123 197 356 1256 1367 1432 1537
7 33 232 326 558 665 1278 1427
7 156 372 745 1056 1098 1207 1393
7 107 290 522 1100 1180 1314 1497
7 446 874 996 1019 1316 1363 1534
7 5 146 260 791 1065 1122 1399
7 120 155 158 706 778 902 951
7 662 1077 1300 1343 1371 1413 1449
7 75 244 274 572 828 1164 1375
7 153 181 190 273 317 351 1205
7 106 228 889 1020 1141 1162 1376
7 7 117 284 559 956 1132 1169
7 386 397 476 844 845 1480 1491
7 21 84 347 816 869 1338 1342
7 43 95 157 187 219 415 1123
7 52 82 184 650 874 1324 1340
7 67 341 785 901 919 921 1404
7 501 691 737 853 919 1123 1514
7 7 278 478 614 766 1016 1222
7 147 283 474 1147 1200 1208 1405
7 124 145 698 791 1027 1084 1459
7 85 877 1199 1238 1288 1332 1356
7 213 461 685 692 737 752 801
7 177 264 321 742 799 882 1130
7 388 700 1341 1356 1400 1453 1479
7 194 482 631 704 1285 1321 1377
7 12 130 406 845 1014 1116 1514
7 59 331 401 918 953 1269 1408
7 300 747 927 1089 1247 1313 1417
7 43 146 166 653 800 1251 1524
7 4 227 353 397 744 815 1515
7 32 198 333 349 429 936 1537
7 90 213 674 831 1004 1342 1352
7 396 729 892 937 1111 1215 1472
7 4 85 505 610 944 1059 1272
7 70 277 286 1030 1235 1387 1438
7 57 158 817 964 998 1462 1486
7 29 292 554 579 651 896 1220
7 159 411 539 595 779 916 1403
7 164 197 576 621 803 1060 1152
7 325 761 801 874 922 1028 1517
7 152 228 365 435 707 1055 1085
7 26 264 404 864 1117 1285 1376
7 48 74 130 293 835 1083 1250
7 155 526 627 809 944 961 1222
7 108 946 1117 1419 1458 1474 1512
7 329 447 753 776 787 795 1122
7 38 253 320 431 882 907 1408
7 17 122 271 285 910 1266 1496
7 762 765 884 1005 1051 1312 1504
7 504 527 634 725 750 1091 1245
7 288 419 711 730 760 955 1462
7 14 23 750 770 963 970 1155
7 75 80 191 730 966 1085 1393
7 201 232 352 458 653 736 1078
7 137 954 1221 1322 1355 1399 1425
7 152 206 682 992 1260 1351 1472
7 71 204 399 625 659 688 950
7 366 464 777 850 1061 1222 1506
7 396 849 865 1004 1228 1296 1327
7 56 302 334 783 1371 1458 1482
7 347 370 394 1148 1175 1221 1287
7 334 436 438 591 927 1061 1258
7 57 376 464 491 600 1110 1506
7 83 203 389 523 775 882 1058
7 19 381 729 750 807 850 851
7 37 502 690 699 805 1217 1305
7 186 343 824 1186 1207 1278 1342
7 93 145 201 281 364 1429 1530
7 48 54 212 342 894 1150 1400
7 49 306 341 689 1008 1169 1189
7 742 743 958 1156 1275 1303 1334
7 87 100 191 249 600 884 1235
7 405 479 797 835 874 1076 1511
7 108 379 518 531 761 966 969
7 76 131 308 662 1138 1360 1530
7 398 409 774 821 1029 1190 1401
7 31 78 144 185 398 1201 1384
7 32 244 377 527 751 764 1541
7 169 266 298 1009 1214 1400 1545
7 181 272 295 635 1071 1137 1515
7 195 496 545 574 957 1120 1431
7 98 259 441 942 1332 1408 1419
7 308 475 600 702 812 1168 1394
7 204 358 400 538 1130 1281 1433
7 320 490 703 891 1077 1101 1517
7 133 221 326 667 941 1044 1258
7 71 82 272 730 1044 1103 1242
7 89 154 287 703 955 1402 1503
7 71 551 709 830 1093 1208 1368
7 13 15 617 1040 1086 1193 1310
7 299 316 508 791 950 1335 1434
7 16 42 368 621 797 1299 1452
7 424 648 949 980 1143 1461 1503
7 62 627 701 834 906 1046 1179
7 135 258 501 584 685 985 1518
7 55 60 157 701 908 1423 1453
7 39 460 581 794 1083 1162 1227
7 130 148 234 634 1138 1233 1493
7 89 646 670 778 890 1060 1185
7 413 452 694 702 1112 1352 1485
7 91 663 696 754 965 1048 1251
7 23 538 830 885 1317 1461 1525
7 478 590 641 655 890 1276 1436
7 18 129 189 646 775 861 1257
7 47 609 635 887 900 1232 1247
7 24 216 704 956 1031 1035 1499
7 34 95 317 461 644 1255 1456
7 342 393 519 897 1108 1144 1179
7 593 638 851 1040 1112 1322 1512
7 113 680 720 914 1030 1080 1142
7 437 680 992 1156 1213 1265 1403
7 476 482 561 636 1050 1102 1457
7 208 209 893 941 969 1235 1345
7 6 219 479 861 962 1308 1342
7 262 655 825 865 897 1016 1255
7 126 210 378 623 834 1175 1519
7 23 205 597 732 1036 1287 1516
7 597 607 669 731 802 1149 1447
7 76 160 423 601 771 1372 1519
7 231 301 498 553 571 865 1473
7 159 405 479 487 740 941 1485
7 258 278 526 748 750 1214 1302
7 110 266 679 795 980 1160 1324
7 46 366 477 716 1028 1038 1478
7 368 475 596 716 793 1174 1498
7 241 252 812 831 958 1087 1294
7 86 722 1131 1145 1147 1184 1188
7 405 406 470 850 984 1228 1420
7 22 37 158 183 400 824 1463
7 71 74 1004 1039 1142 1242 1379
7 186 886 890 941 1152 1206 1443
7 116 197 228 777 797 1223 1457
7 276 338 466 599 841 1219 1523
7 2 361 659 673 784 951 980
7 43 147 368 1136 1254 1314 1523
7 770 784 986 1073 1120 1237 1245
7 284 400 457 1090 1156 1338 1410
7 13 118 606 745 1053 1242 1399
7 247 264 320 507 768 800 1185
7 295 485 536 924 1003 1248 1346
7 421 526 598 1010 1285 1296 1529
7 20 201 300 436 728 1372 1381
7 50 291 852 1316 1377 1411 1518
7 492 739 786 806 863 1004 1017
7 38 206 375 465 646 1155 1167
7 183 377 606 1197 1351 1420 1449
7 69 712 777 1056 1120 1129 1264
7 191 452 573 575 1317 1328 1390
7 286 327 440 491 499 906 976
7 32 445 466 470 738 1248 1330
7 364 382 623 1105 1187 1259 1475
7 102 451 494 610 746 875 1383
7 59 200 446 544 812 814 1325
7 90 169 708 781 1149 1220 1228
7 92 319 373 538 649 751 1398
7 445 539 687 914 952 1231 1437
7 104 160 182 419 550 697 761
7 21 321 366 747 1213 1263 1359
7 69 268 664 778 1275 1416 1459
7 614 686 700 814 984 1403 1420
7 184 435 660 726 880 1390 1437
7 123 564 584 888 1372 1409 1519
7 330 384 425 712 750 872 1360
7 61 229 346 349 1073 1128 1398
7 38 79 1024 1334 1355 1408 1442
7 253 534 703 721 739 916 1034
7 244 736 796 864 1140 1309 1525
7 35 99 514 813 832 987 1068
7 103 350 427 808 1172 1217 1298
7 106 318 575 584 727 792 1426
7 193 231 381 385 1060 1102 1170
7 160 282 636 739 1225 1273 1491
7 49 105 500 673 1121 1193 1402
7 30 158 680 727 828 969 1271
7 102 353 431 650 665 818 1026
7 117 508 601 838 910 1053 1176
7 198 720 860 912 1139 1141 1538
7 154 731 941 1016 1111 1233 1238
7 254 737 905 1158 1230 1232 1533
7 303 350 484 523 859 1021 1343
7 18 55 654 666 864 972 1248
7 149 200 318 822 1064 1114 1519
7 69 129 561 614 1109 1212 1348
7 29 376 600 1055 1166 1293 1298
7 192 293 802 930 1400 1434 1499
7 128 175 204 513 1135 1260 1476
7 68 74 257 420 1121 1498 1501
7 88 120 423 901 931 1281 1513
7 30 132 187 200 1015 1119 1229
7 432 893 945 1204 1413 1437 1493
7 25 519 675 737 758 768 1396
7 501 895 968 1034 1305 1327 1475
7 118 312 505 794 800 1226 1289
7 77 189 396 892 923 1039 1066
7 65 113 162 603 1022 1296 1366
7 46 669 673 1082 1167 1240 1469
7 11 31 261 581 617 989 1492
7 215 313 391 648 734 897 911
7 176 600 751 784 845 1173 1536
7 144 317 458 481 594 626 718
7 39 247 551 778 911 929 1011
7 250 360 532 628 1218 1347 1413
7 492 509 885 961 1060 1237 1507
7 404 707 824 940 978 1115 1492
7 281 322 528 763 865 1311 1320
7 201 489 849 1056 1323 1324 1336
7 173 363 542 631 1030 1481 1483
7 96 448 485 487 627 937 1265
7 386 733 935 1083 1281 1386 1399
7 216 269 275 708 832 992 1465
7 194 285 382 637 757 1047 1469
7 108 438 578 602 652 772 1276
7 56 124 312 630 1026 1029 1243
7 249 782 822 1034 1191 1282 1374
7 240 315 534 1078 1160 1369 1401
7 146 371 588 696 829 1237 1271
7 227 396 440 533 689 989 1110
7 888 947 986 993 1239 1297 1468
7 77 514 834 840 1174 1225 1457
7 127 697 703 870 1006 1244 1264
7 593 838 879 899 1471 1538 1546
7 218 374 966 1052 1424 1431 1511
7 116 421 657 788 1094 1259 1276
7 231 448 674 842 1238 1348 1476
7 161 596 615 1010 1160 1232 1453
7 155 310 460 637 899 1374 1421
7 8 37 196 990 1318 1370 1445
7 390 543 887 905 1198 1319 1464
7 363 541 810 906 919 1198 1311
7 216 222 505 592 663 1220 1455
7 474 722 1028 1130 1325 1343 1389
7 243 248 260 434 923 1038 1462
7 216 433 483 583 1272 1273 1467
7 200 202 977 1328 1348 1431 1472
7 433 463 627 1071 1170 1414 1482
7 251 534 981 1050 1093 1152 1466
7 413 476 967 1210 1239 1411 1442
7 185 362 568 627 1193 1247 1300
7 146 315 706 833 866 1208 1243
7 251 416 594 638 769 1145 1537
7 412 772 999 1256 1448 1455 1513
7 369 476 719 930 1040 1199 1465
7 251 563 726 905 1090 1094 1250
7 51 258 481 845 1379 1411 1502
7 121 140 320 390 887 1309 1426
7 296 588 627 666 1031 1391 1476
7 311 458 647 702 826 1061 1211
7 966 985 1035 1070 1121 1168 1386
7 282 621 892 982 1093 1442 1544
7 240 625 652 800 883 959 1504
7 309 746 867 938 965 1037 1360
7 108 392 508 662 901 1116 1378
7 409 443 496 683 1172 1248 1406
7 73 886 1037 1039 1261 1356 1522
7 229 334 533 686 879 1049 1051
7 354 562 703 1040 1196 1234 1449
7 30 528 746 843 871 947 1205
7 29 135 173 627 750 1108 1440
7 84 239 567 680 791 1012 1521
7 390 421 744 757 940 1017 1312
7 184 286 309 793 1040 1333 1409
7 31 123 216 389 784 883 1261
7 245 540 684 1000 1065 1416 1505
7 29 44 241 694 811 880 948
7 145 177 217 586 683 938 1173
7 133 296 584 995 1030 1031 1304
7 253 444 1159 1322 1381 1474 1515
7 205 278 385 533 646 954 1255
7 8 79 707 754 914 1095 1328
7 93 763 936 991 1145 1236 1272
7 154 263 369 918 1282 1290 1410
7 2 15 195 586 1065 1087 1230
7 482 497 561 703 915 1232 1348
7 78 102 154 628 704 1227 1291
7 97 173 376 415 569 1124 1433
7 40 208 507 995 1003 1164 1510
7 423 449 496 623 864 1104 1369
7 213 597 684 880 1381 1453 1508
7 141 338 612 984 1079 1375 1538
7 331 408 450 674 943 1093 1216
7 6 177 363 649 677 1073 1137
7 69 147 574 1088 1295 1412 1464
7 249 854 1173 1203 1246 1312 1535
7 274 555 745 846 1033 1212 1274
7 8 81 158 1134 1162 1207 1404
7 123 185 480 556 1146 1386 1470
7 75 556 748 857 873 1475 1503
7 205 255 524 860 962 1169 1444
7 118 592 631 1004 1139 1148 1178
7 28 307 333 714 724 1485 1500
7 51 468 692 1005 1143 1228 1321
7 17 136 204 221 370 406 1125
7 193 213 306 787 1075 1090 1103
7 282 399 461 588 738 1201 1399
7 15 250 271 577 585 696 1464
7 113 159 432 641 683 825 1206
7 512 513 632 700 902 1137 1545
7 36 81 501 939 1160 1275 1513
7 35 330 607 815 862 1422 1429
7 156 241 289 449 709 728 1305
7 47 235 785 817 913 1002 1546
7 140 514 676 764 930 957 1455
7 97 122 581 870 959 1052 1105
7 256 319 743 853 1271 1428 1524
7 365 378 408 594 704 1351 1427
7 392 690 742 829 948 1165 1469
7 53 207 408 562 722 780 1307
7 220 445 734 800 913 1113 1217
7 185 388 480 643 796 1172 1442
7 102 271 745 799 957 978 1335
7 132 336 946 970 1143 1355 1512
7 198 457 580 1177 1301 1372 1450
7 333 735 815 818 853 961 1315
7 65 174 533 540 836 983 1533
7 27 145 227 295 332 976 1115
7 26 53 197 434 509 953 1310
7 592 661 758 767 1136 1191 1428
7 414 535 1154 1176 1291 1295 1487
7 218 359 415 760 1214 1459 1543
7 114 416 501 675 1008 1181 1528
7 16 589 591 698 967 996 1222
7 323 486 805 934 1013 1413 1546
7 94 99 576 686 999 1239 1457
7 172 405 569 970 1209 1444 1488
7 134 263 552 727 791 966 1523
7 105 262 304 653 804 922 1530
7 250 361 391 531 581 676 862
7 59 269 718 890 1264 1458 1478
7 121 219 636 647 783 1058 1264
7 480 677 762 1041 1160 1357 1506
7 91 242 398 446 456 478 493
7 194 285 590 677 1063 1292 1306
7 82 227 326 679 1082 1114 1456
7 26 82 114 198 451 579 1353
7 351 684 697 799 1097 1162 1335
7 317 741 790 825 873 905 1048
7 65 159 304 691 800 919 1508
7 111 133 953 1254 1444 1539 1546
7 12 259 321 610 933 942 1281
7 209 327 457 613 680 990 1359
7 454 584 610 1080 1356 1412 1459
7 120 347 348 358 640 741 1097
7 71 138 243 381 620 705 1493
7 11 525 670 1029 1124 1257 1259
7 3 127 188 682 920 1151 1504
7 397 891 1078 1086 1192 1461 1537
7 343 548 604 966 1141 1257 1292
7 84 445 563 597 862 959 1272
7 134 398 484 570 835 908 1269
7 46 256 528 608 1127 1400 1469
7 16 90 637 805 1266 1483 1494
7 134 393 600 1011 1177 1298 1529
7 305 370 742 917 1307 1377 1540
7 73 228 276 592 764 912 949
7 418 565 919 923 986 1049 1282
7 80 185 706 928 1365 1403 1500
7 209 445 526 588 1155 1234 1468
7 131 226 354 724 866 1190 1487
7 81 361 1042 1107 1172 1250 1376
7 43 205 411 667 1184 1209 1484
7 18 394 529 819 889 1461 1544
7 292 518 782 814 1150 1155 1381
7 76 215 606 858 919 1133 1397
7 215 419 584 885 1224 1471 1512
7 156 284 679 867 1078 1173 1202
7 70 211 383 396 655 1379 1409
7 3 399 562 719 1124 1253 1515
7 125 325 343 462 481 999 1069
7 108 689 764 896 952 1157 1509
7 260 305 382 422 550 580 1041
7 370 416 755 839 926 1150 1353
7 64 165 246 402 468 566 726
7 274 389 542 941 1041 1053 1152
7 189 761 795 876 1100 1336 1451
7 295 826 1023 1262 1311 1440 1530
7 190 531 770 787 948 1244 1458
7 24 98 435 453 700 1001 1050
7 164 181 580 1059 1267 1387 1534
7 98 308 396 852 875 876 1395
7 86 117 404 1015 1196 1268 1336
7 277 394 665 684 1040 1075 1397
7 455 659 695 772 869 990 1119
7 488 945 1107 1153 1201 1425 1484
7 77 183 291 538 649 688 898
7 146 187 429 722 903 958 1547
7 323 574 745 857 921 1240 1379
7 130 198 497 570 872 985 1532
7 69 288 490 878 987 1301 1473
7 155 451 817 983 1207 1268 1497
7 82 453 585 788 937 968 979
7 251 479 522 870 1070 1089 1474
7 326 402 762 790 1212 1284 1333
7 14 28 88 130 228 473 518
7 115 165 929 961 971 1104 1436
7 14 15 262 537 1154 1165 1181
7 590 702 740 927 1047 1145 1294
7 165 178 578 802 1200 1362 1383
7 427 524 633 691 805 1138 1393
7 232 288 485 1066 1118 1217 1334
7 142 311 501 685 1062 1247 1547
7 131 296 340 660 769 873 1012
7 119 262 632 807 866 1241 1502
7 102 350 578 896 1315 1365 1423
7 362 511 615 930 1275 1354 1471
7 50 101 230 481 791 1432 1437
7 505 688 825 891 1301 1428 1449
7 440 716 733 792 1175 1238 1294
7 258 401 485 546 939 962 1403
7 118 732 757 862 925 1214 1475
7 301 444 900 926 1154 1279 1385
7 154 511 588 874 1071 1157 1391
7 657 842 1083 1168 1359 1363 1526
7 26 108 271 373 595 810 1013
7 132 270 500 530 642 878 1005
7 75 189 244 542 623 785 1197
7 30 203 275 473 1080 1172 1510
7 154 588 653 719 832 878 1429
7 130 294 324 793 1220 1299 1362
7 11 126 309 1146 1261 1321 1437
7 364 376 1261 1320 1380 1410 1463
7 72 351 652 690 767 1173 1359
7 86 87 545 653 708 942 1276
7 13 403 477 592 715 1147 1388
7 695 887 922 1293 1300 1417 1501
7 18 625 798 867 1151 1159 1240
7 372 387 448 466 588 829 1032
7 324 498 595 693 1465 1526 1533
7 91 254 401 786 808 1037 1181
7 16 217 301 329 763 917 1188
7 41 102 107 153 832 1139 1252
7 79 453 735 1108 1223 1255 1490
7 11 196 414 498 1254 1349 1358
7 314 359 782 968 1056 1109 1237
7 505 609 647 968 1234 1380 1535
7 358 517 917 995 1047 1125 1280
7 29 37 698 827 1006 1099 1400
7 98 111 132 982 1163 1218 1320
7 40 466 669 837 913 935 1234
7 167 226 308 395 497 983 1460
7 171 553 575 858 1087 1209 1247
7 32 138 769 938 1174 1335 1349
7 31 190 397 836 1301 1431 1501
7 44 101 393 448 929 1213 1276
7 107 324 651 855 902 994 1304
7 570 685 718 761 1005 1064 1202
7 56 228 345 470 921 993 1436
7 308 612 749 754 835 898 1541
7 10 417 904 950 1396 1461 1508
7 302 369 400 662 779 807 1232
7 97 184 248 691 1209 1211 1370
7 11 30 227 324 938 1077 1318
7 171 196 387 1056 1072 1089 1107
7 14 63 139 363 962 1107 1336
7 427 467 603 1039 1042 1112 1191
7 71 226 595 638 1042 1347 1503
7 255 348 525 806 921 964 967
7 34 92 473 571 859 1126 1443
7 25 86 540 1129 1252 1364 1496
7 10 81 380 580 911 1215 1487
7 34 199 439 515 844 912 1185
7 511 541 565 1016 1030 1231 1281
7 186 497 587 591 916 925 1059
7 198 269 314 642 897 1054 1355
7 257 283 291 429 836 859 888
7 153 375 573 602 844 1118 1206
7 297 352 589 598 778 1336 1378
7 78 101 817 973 1183 1216 1231
7 804 816 871 881 929 1205 1232
7 64 77 78 212 261 392 1357
7 91 226 266 525 924 1194 1333
7 179 908 1033 1077 1103 1305 1428
7 29 639 650 798 811 841 856
7 237 278 643 707 883 955 1225
7 100 343 624 668 1094 1452 1464
7 374 569 591 736 898 1132 1447
7 270 311 757 1277 1344 1454 1539
7 61 201 570 597 717 739 1427
7 92 736 765 832 940 978 1380
7 164 847 865 1206 1414 1430 1476
7 217 235 340 1104 1123 1250 1304
7 50 333 618 635 1106 1326 1500
7 67 71 229 349 416 492 720
7 99 104 300 337 636 1006 1388
7 557 749 788 1032 1048 1150 1304
7 71 72 426 614 1011 1299 1392
7 325 357 605 770 826 872 1160
7 30 62 412 573 781 1040 1085
7 549 618 672 916 929 1058 1241
7 140 236 277 318 440 908 1525
7 38 287 432 699 843 959 1427
7 210 330 653 905 963 1226 1275
7 6 106 474 503 512 944 1408
7 315 894 957 1066 1089 1128 1490
7 19 122 732 752 1050 1249 1461
7 64 380 446 582 622 997 1169
7 453 814 1032 1157 1219 1508 1510
7 24 177 506 696 1099 1122 1156
7 148 180 426 542 950 1464 1514
7 40 110 238 1261 1319 1484 1514
7 111 302 536 544 889 1370 1411
7 139 226 278 556 590 591 677
7 70 393 507 588 897 1316 1325
7 112 680 735 813 990 991 993
7 64 141 219 398 616 694 1194
7 76 138 405 510 545 1259 1353
7 131 840 898 1079 1086 1380 1538
7 128 762 786 995 1015 1295 1536
7 82 150 771 1057 1096 1112 1122
7 255 258 286 515 635 836 1454
7 275 326 414 582 1043 1382 1539
7 437 807 900 954 1119 1161 1405
7 154 228 370 459 505 1450 1531
7 340 364 482 509 626 1074 1200
7 135 230 590 873 1104 1162 1317
7 126 298 335 736 850 1140 1204
7 6 198 265 347 598 679 1234
7 211 421 424 446 472 1106 1252
7 209 224 254 287 577 828 963
7 25 165 328 595 842 910 1515
7 183 300 585 657 810 1043 1302
7 17 332 767 897 924 1028 1317
7 238 378 504 508 566 1287 1527
7 213 859 1134 1320 1492 1514 1524
7 167 217 383 751 754 938 1410
7 118 672 710 721 810 1116 1406
7 106 471 518 672 756 763 1420
7 34 774 937 1068 1119 1155 1172
7 73 199 340 494 738 1521 1529
7 23 150 540 676 1133 1182 1411
7 104 510 615 646 925 959 1346
7 21 100 207 368 1174 1384 1470
7 317 446 754 824 838 1057 1404
7 234 349 642 971 1248 1263 1345
7 194 237 299 354 496 872 1471
7 10 509 520 529 901 931 1359
7 261 304 373 863 1223 1229 1518
7 244 280 308 664 991 1301 1449
7 50 208 642 660 1272 1512 1517
7 575 587 687 844 884 1176 1374
7 45 104 161 222 732 1227 1323
7 488 489 795 986 1104 1235 1369
7 25 160 945 978 1071 1319 1322
7 199 242 693 987 1260 1262 1362
7 415 492 502 557 861 1221 1395
7 133 244 491 825 1009 1140 1220
7 346 356 373 438 802 1106 1448
7 64 197 811 1025 1091 1297 1363
7 471 601 688 786 875 1229 1468
7 54 422 746 831 998 1008 1433
7 53 87 1024 1055 1176 1198 1445
7 280 321 546 602 670 882 1537
7 83 243 381 850 961 1114 1458
7 542 595 689 1081 1382 1505 1545
7 209 557 578 712 871 924 1546
7 767 821 824 926 1053 1139 1335
7 246 386 534 1196 1370 1420 1512
7 244 469 510 1003 1128 1341 1357
7 241 251 634 877 881 1308 1458
7 105 234 239 775 796 859 975
7 89 234 437 821 922 1191 1208
7 126 341 840 1148 1275 1377 1522
7 40 129 188 338 629 776 1008
7 169 191 300 506 540 959 1450
7 1 78 585 1499 1507 1519 1521
7 195 245 366 565 1021 1329 1547
7 97 222 254 422 433 526 969
7 105 391 679 925 1236 1377 1477
7 96 250 264 393 616 997 1216
7 137 191 210 467 668 1467 1528
7 3 371 790 802 847 1305 1313
7 174 522 548 551 728 1333 1503
7 36 209 323 422 547 1109 1151
7 152 512 1120 1175 1177 1303 1482
7 47 55 526 947 1019 1225 1372
7 10 534 880 1044 1188 1520 1522
7 83 352 355 697 1285 1288 1365
7 240 896 931 1063 1089 1144 1277
7 175 180 717 897 1163 1278 1415
7 169 279 361 837 1162 1313 1509
7 139 222 599 687 1238 1340 1512
7 253 260 261 329 363 467 1372
7 69 374 653 1135 1137 1432 1440
7 634 698 1058 1140 1194 1284 1299
7 7 399 454 709 959 1032 1059
7 32 283 436 570 1311 1327 1534
7 290 394 677 935 963 1213 1363
7 410 875 961 971 994 1271 1430
7 410 607 682 884 933 1370 1495
7 28 279 510 541 614 720 1292
7 263 608 636 665 1051 1491 1516
7 110 188 193 359 493 590 878
7 93 267 356 412 523 1074 1402
7 378 882 912 932 1302 1342 1414
7 151 156 373 393 543 889 1343
7 177 253 340 341 812 1171 1310
7 130 239 577 893 974 1262 1346
7 128 412 432 837 851 931 1395
7 15 458 490 843 1034 1187 1211
7 242 384 818 920 922 1036 1118
7 9 24 239 596 911 1117 1483
7 74 107 319 516 645 1132 1415
7 244 319 708 915 943 1358 1451
7 62 336 503 677 935 1005 1466
7 21 116 330 660 720 860 945
7 524 577 711 735 1078 1324 1521
7 273 451 669 928 1138 1310 1500
7 72 582 611 804 1196 1321 1418
7 62 97 112 163 200 443 566
7 521 581 850 893 903 1070 1229
7 27 41 162 216 294 443 1193
7 369 493 519 1010 1054 1341 1358
7 195 309 563 668 1219 1406 1442
7 47 490 1016 1056 1300 1302 1498
7 77 280 542 682 1090 1153 1289
7 656 946 957 1091 1186 1383 1386
7 295 551 654 662 1052 1346 1418
7 423 695 707 989 991 1144 1418
7 7 649 804 960 989 1221 1328
7 34 36 38 427 796 1023 1451
7 235 704 753 812 835 949 1371
7 516 811 828 910 1213 1297 1518
7 329 387 441 484 638 1044 1087
7 128 324 560 983 997 1316 1497
7 210 469 564 572 603 967 1298
7 246 264 300 1239 1273 1368 1466
7 34 277 701 889 1163 1375 1507
7 653 907 1011 1069 1158 1199 1245
7 223 425 486 600 1183 1215 1517
7 160 190 470 496 583 926 1144
7 619 750 780 897 995 1163 1455
7 66 81 458 821 983 1267 1417
7 272 334 489 656 1235 1279 1455
7 131 157 253 651 1119 1224 1357
7 73 163 288 397 569 837 1130
7 51 90 258 615 924 1022 1218
7 623 793 1014 1088 1113 1138 1544
7 130 163 244 267 656 1115 1229
7 276 375 540 559 589 647 1099
7 39 154 305 463 487 1162 1438
7 83 93 851 910 1039 1073 1393
7 109 176 278 616 950 1387 1481
7 93 137 261 323 652 690 822
7 334 519 546 786 909 1327 1547
7 110 365 727 875 981 1090 1406
7 140 247 375 428 859 907 1192
7 248 313 411 608 952 1010 1190
7 9 226 235 374 977 1211 1342
7 145 264 539 566 802 843 1542
7 76 309 379 723 807 841 1041
7 74 312 681 1120 1229 1328 1383
7 50 580 590 655 756 1184 1450
7 174 297 626 701 941 1369 1497
7 373 486 650 784 1045 1350 1470
7 38 131 467 549 777 1386 1496
7 35 359 494 626 630 988 1480
7 87 337 339 1075 1217 1337 1459
7 335 816 819 834 1088 1182 1525
7 224 798 860 925 1210 1271 1367
7 74 410 609 849 854 1251 1430
7 115 142 402 521 1018 1146 1230
7 1 120 815 1218 1306 1526 1543
7 392 565 574 706 942 952 1314
7 321 449 775 797 1243 1281 1401
7 410 840 1050 1072 1073 1264 1520
7 270 496 528 953 1103 1195 1347
7 59 517 718 781 877 933 1431
7 395 521 828 1015 1102 1199 1451
7 186 409 517 794 948 1338 1432
7 95 189 206 723 1290 1469 1546
7 365 814 972 1015 1091 1193 1430
7 33 345 1165 1184 1186 1220 1398
7 59 80 529 550 678 771 1361
7 105 408 562 908 1011 1378 1544
7 116 252 411 717 752 1098 1300
7 502 561 934 1210 1222 1419 1472
7 780 848 1108 1160 1278 1353 1405
7 181 340 345 657 1227 1263 1444
7 366 629 671 754 861 1076 1465
7 368 576 601 881 1111 1288 1498
7 175 372 407 439 694 737 1187
7 45 594 610 985 1072 1251 1269
7 85 288 412 746 779 831 1096
7 136 337 673 871 1060 1290 1532
7 128 192 299 1024 1180 1241 1439
7 445 582 619 827 1090 1335 1476
7 867 875 1007 1167 1201 1467 1531
7 245 297 419 454 706 875 1125
7 51 1012 1071 1119 1387 1404 1452
7 183 204 374 477 753 1019 1136
7 163 276 297 565 674 855 1281
7 143 219 661 666 792 875 1015
7 54 177 196 280 410 507 1386
7 90 613 885 1028 1127 1336 1393
7 271 751 764 858 1268 1282 1303
7 436 949 1004 1009 1311 1355 1534
7 44 533 605 769 1040 1096 1402
7 328 461 826 879 918 1412 1501
7 139 206 501 530 636 1010 1231
7 372 399 642 1126 1364 1367 1441
7 493 775 833 1049 1181 1376 1435
7 402 852 1068 1072 1140 1308 1406
7 37 630 1252 1286 1326 1348 1510
7 60 242 553 877 914 1285 1535
7 4 161 603 657 876 893 1141
7 96 517 597 1083 1139 1156 1389
7 618 657 802 885 1199 1290 1393
7 159 169 417 568 805 868 1436
7 168 346 574 578 615 740 915
7 497 712 726 1108 1270 1379 1538
7 13 622 747 1016 1050 1376 1495
7 346 493 514 1048 1208 1366 1391
7 176 239 261 437 541 1352 1510
7 235 332 420 422 1256 1416 1495
7 30 62 154 356 1064 1237 1251
7 29 389 481 561 734 1217 1312
7 165 670 763 990 1374 1434 1444
7 77 317 675 1008 1128 1351 1364
7 140 248 615 1125 1190 1214 1397
7 157 196 345 762 996 1350 1500
7 245 463 469 645 718 719 1184
7 13 630 1326 1357 1363 1526 1536
7 61 260 544 645 1027 1433 1514
7 15 211 267 419 842 1085 1447
7 176 965 1023 1278 1383 1475 1525
7 348 964 1158 1330 1383 1440 1526
7 202 273 1209 1256 1325 1364 1366
7 282 434 790 1186 1279 1389 1471
7 49 379 661 759 818 978 1132
7 55 355 649 732 1215 1303 1479
7 97 254 433 1083 1248 1361 1395
7 37 685 944 1196 1407 1436 1510
7 87 409 472 804 894 903 1448
7 475 901 1057 1175 1184 1244 1405
7 174 249 310 570 1065 1066 1366
7 192 355 626 643 677 924 1127
7 693 728 743 791 906 1054 1449
7 236 506 731 1293 1490 1531 1534
7 213 531 898 902 1159 1277 1325
7 166 387 433 507 906 1259 1492
7 58 330 366 1133 1276 1372 1443
7 289 348 618 1059 1101 1280 1433
7 144 495 618 1001 1200 1379 1465
7 332 335 604 890 1063 1167 1364
7 88 508 599 626 658 1068 1349
7 167 300 424 460 721 1080 1354
7 201 306 491 606 1266 1287 1422
7 187 233 314 330 971 1105 1546
7 200 984 1165 1301 1303 1390 1502
7 328 370 752 772 980 1204 1528
7 279 304 459 647 968 1303 1488
7 225 460 552 641 801 966 1523
7 76 114 553 932 1028 1428 1458
7 95 400 420 862 1128 1460 1490
7 51 147 159 1103 1225 1463 1523
7 510 523 628 709 1050 1120 1176
7 21 41 195 743 873 947 1076
7 117 315 335 625 745 1109 1245
7 252 369 606 1177 1233 1449 1494
7 594 957 1008 1303 1366 1390 1481
7 538 580 758 847 892 1009 1371
7 276 504 720 1028 1041 1406 1426
7 171 196 236 347 715 849 965
7 27 48 207 376 394 406 1122
7 37 365 499 525 907 1164 1497
7 159 386 682 915 1084 1258 1511
7 48 183 190 774 1022 1149 1419
7 165 181 424 857 1024 1133 1516
7 114 668 751 955 981 1479 1494
7 150 315 491 517 1319 1382 1396
7 722 761 847 908 1068 1100 1415
7 27 91 301 321 579 806 1428
7 4 489 1005 1075 1157 1162 1268
7 142 330 392 431 767 1150 1225
7 278 291 317 470 660 818 1330
7 165 468 551 1148 1338 1389 1444
7 429 459 699 900 1095 1333 1354
7 63 365 373 585 916 1043 1328
7 104 146 148 766 800 1427 1464
7 121 287 527 824 1061 1083 1483
7 5 348 505 710 872 1174 1288
7 67 214 456 458 641 735 1260
7 171 434 519 532 612 1062 1261
7 75 221 351 352 777 827 1393
7 165 371 614 676 768 1017 1025
7 96 144 656 687 1117 1323 1341
7 267 425 946 976 979 998 1501
7 111 364 497 648 857 903 1100
7 331 332 498 663 834 1132 1491
7 836 1023 1103 1180 1225 1230 1255
7 140 289 338 719 939 940 975
7 329 459 523 789 819 1008 1230
7 384 509 589 895 1017 1081 1164
7 62 173 302 310 695 711 1101
7 98 686 1007 1046 1218 1389 1499
7 149 230 747 950 1011 1052 1153
7 157 195 428 581 710 1182 1536
7 102 104 779 916 1165 1508 1530
7 233 775 903 987 1002 1158 1498
7 171 176 390 429 1130 1164 1223
7 210 636 998 1029 1202 1246 1299
7 364 484 1071 1079 1147 1265 1543
7 54 285 432 485 591 1125 1133
7 90 494 636 851 942 1185 1435
7 148 193 217 407 540 1264 1519
7 76 88 155 582 726 865 1389
7 84 424 494 544 1042 1054 1246
7 138 140 510 625 753 817 820
7 64 273 428 766 920 1351 1361
7 97 520 694 707 733 886 1389
7 28 124 218 222 758 983 1396
7 245 278 349 632 660 989 1002
7 141 313 516 583 871 1055 1404
7 89 450 456 484 777 1147 1311
7 88 92 246 584 783 816 1415
7 8 105 214 557 1260 1353 1446
7 176 298 499 980 1204 1329 1531
7 499 748 838 955 987 1158 1299
7 80 348 389 432 836 990 1063
7 125 388 828 1208 1368 1438 1507
7 20 220 371 567 593 1224 1235
7 238 252 298 413 670 1183 1545
7 207 239 329 416 816 976 1466
7 304 350 382 556 1148 1298 1545
7 262 417 639 731 746 819 1263
7 145 664 781 971 1101 1312 1539
7 134 613 754 937 1122 1284 1441
7 426 546 658 702 870 1071 1426
7 67 151 987 1014 1123 1219 1373
7 305 452 654 722 819 1201 1497
7 23 325 648 699 812 1347 1450
7 81 151 192 236 367 488 820
7 127 558 1007 1052 1263 1349 1413
7 322 398 514 1237 1277 1349 1350
7 219 462 479 634 789 839 1478
7 787 1018 1076 1118 1292 1320 1490
7 327 540 719 862 900 1427 1486
7 253 256 736 788 881 1378 1446
7 237 292 727 788 943 1081 1188
7 193 225 644 1199 1405 1419 1517
7 57 244 629 717 768 898 1180
7 517 543 568 1149 1170 1390 1518
7 138 572 585 624 671 1062 1253
7 2 59 170 936 1057 1062 1251
7 23 39 210 528 611 790 1526
7 94 471 489 1334 1393 1401 1431
7 41 82 193 602 644 801 1429
7 12 33 755 864 1026 1032 1102
7 281 477 527 541 608 1338 1496
7 368 443 783 923 973 1165 1371
7 207 289 397 495 741 1051 1274
7 262 284 380 564 823 1031 1234
7 103 275 306 354 1149 1249 1332
7 49 136 631 876 949 1099 1272
7 47 50 153 328 391 735 921
7 218 367 951 1054 1058 1086 1425
