100 500
29 4 5 14 22 24 25 26 28 29 31 33 35 44 46 51 53 58 59 66 67 70 72 74 76 89 94 95 96 100
20 1 2 4 5 11 14 16 18 19 38 41 50 58 62 63 73 81 84 96 99
17 1 14 22 26 33 39 49 52 60 74 78 80 81 84 87 93 100
19 5 10 11 21 26 32 35 43 47 50 51 53 56 60 74 79 85 90 98
25 5 6 9 12 16 17 20 29 38 40 44 54 55 56 57 62 63 65 71 72 74 87 88 92 95
20 5 8 10 17 18 25 33 34 36 44 45 53 54 57 60 79 86 87 88 92
13 12 15 19 25 28 32 45 46 48 52 55 57 73
20 6 13 19 24 28 37 45 46 51 52 54 55 62 63 67 71 73 78 83 99
15 5 6 9 11 13 16 47 55 66 67 71 81 82 90 97
26 2 4 8 9 10 11 15 18 20 25 33 34 39 41 44 46 47 48 51 58 60 61 73 76 82 96
23 4 7 14 16 21 23 29 48 49 54 55 58 61 63 66 68 72 75 76 84 89 95 97
20 6 8 11 12 18 21 41 42 44 51 52 60 68 69 70 76 78 85 89 94
13 1 5 14 23 24 26 27 28 32 47 58 76 91
20 2 3 4 5 8 11 17 20 24 30 31 35 40 55 60 68 76 78 84 87
18 10 17 18 27 28 30 31 41 49 59 60 63 66 76 81 84 88 90
16 6 8 11 13 14 17 20 25 51 64 68 77 80 82 85 89
21 5 7 32 35 37 39 42 53 63 72 74 79 80 83 85 86 89 90 91 93 99
16 10 20 21 26 42 44 53 54 56 66 73 79 84 85 86 94
11 5 8 12 16 21 23 37 64 87 91 97
25 1 11 15 19 20 24 29 30 34 38 40 41 53 55 58 59 60 66 70 73 76 77 85 88 94
16 9 13 15 19 28 30 39 43 45 50 52 60 71 72 73 98
22 9 16 18 19 20 21 24 25 29 37 38 41 45 50 69 74 75 76 90 92 97 98
27 9 14 20 23 25 30 31 33 40 43 45 46 48 49 50 51 54 57 61 63 70 78 79 80 90 95 96
28 6 7 11 15 17 20 23 33 35 36 37 38 42 43 48 50 53 54 56 62 66 70 75 87 90 98 99 100
26 3 10 11 13 15 19 22 23 24 33 34 35 39 43 44 46 61 66 70 71 73 76 89 92 97 98
19 6 20 21 22 25 28 31 38 43 46 53 57 60 62 68 71 84 91 96
21 5 7 13 20 34 36 38 48 55 61 64 67 75 78 79 80 83 88 91 93 97
24 1 6 7 16 19 26 29 30 33 36 37 47 57 58 66 70 75 76 77 78 83 84 93 97
31 1 2 3 12 13 15 16 17 20 25 31 36 37 39 49 54 57 60 63 65 73 78 83 90 93 94 95 97 98 99 100
15 11 21 24 32 43 48 54 66 79 87 88 89 91 97 99
17 3 25 27 30 36 41 46 56 58 61 62 64 70 71 76 78 99
17 3 5 7 12 15 23 30 37 42 45 50 57 59 76 77 97 99
23 1 5 12 19 23 27 33 36 42 44 45 52 53 56 61 63 66 68 72 76 88 95 99
13 7 8 13 20 23 26 40 63 64 67 70 74 78
18 8 9 11 14 19 33 37 42 43 45 49 56 68 70 72 73 77 88
17 4 8 12 23 25 47 48 50 54 61 67 72 73 82 84 85 91
20 1 2 4 17 21 28 30 31 33 34 39 43 46 54 62 69 86 91 96 100
15 1 2 6 18 36 37 49 51 64 68 76 81 88 90 100
15 2 10 23 35 39 41 43 46 50 67 72 73 74 91 100
19 1 2 9 23 28 38 43 45 46 58 64 76 87 88 91 92 93 97 99
23 17 19 25 26 33 35 38 42 43 45 46 47 50 60 63 64 68 69 74 77 85 91 99
27 11 18 20 22 24 26 28 30 31 36 40 48 56 58 59 61 63 65 71 83 85 86 91 93 94 96 98
22 4 10 16 17 19 29 39 43 45 46 49 54 57 64 70 75 80 84 87 91 95 100
17 4 5 7 15 35 45 53 66 69 70 74 76 80 81 88 90 94
18 4 20 25 43 51 62 64 65 66 68 70 74 80 87 88 94 95 96
18 2 4 9 15 25 31 35 54 56 58 66 78 83 84 95 96 99 100
17 7 16 22 25 31 37 41 43 62 70 73 76 79 85 86 90 98
19 6 10 12 19 33 35 40 43 45 47 52 57 62 63 70 79 83 87 92
20 4 10 11 12 14 19 20 21 24 35 39 41 46 47 51 55 63 74 84 100
15 4 6 8 9 14 23 30 36 49 50 67 68 74 95 99
22 3 14 26 27 28 35 36 38 46 53 55 60 62 71 72 74 76 78 80 83 94 99
23 12 19 21 37 39 43 44 46 48 51 52 56 59 62 64 71 72 81 83 91 92 94 99
22 7 10 13 17 19 33 36 38 40 43 44 53 55 56 57 61 77 79 81 91 92 99
20 4 24 27 28 40 44 48 58 59 69 73 74 77 82 92 93 96 97 98 99
27 2 4 5 10 15 22 23 25 27 29 34 39 45 46 49 51 52 57 58 59 67 70 74 87 97 99 100
22 2 4 6 7 16 17 19 21 28 32 37 48 56 57 62 64 65 69 77 80 81 100
28 9 11 15 18 21 31 32 38 41 43 47 49 51 52 54 55 57 58 61 67 68 76 77 80 90 92 93 94
15 14 15 31 36 40 45 52 53 57 61 62 77 78 84 99
24 1 10 13 17 26 33 36 46 50 62 64 70 74 75 77 78 82 83 85 88 89 90 95 99
19 8 17 29 33 36 39 45 47 50 62 65 69 76 80 83 85 89 92 100
17 1 5 7 23 25 29 34 55 62 65 68 80 81 85 86 87 94
12 13 26 29 32 34 36 56 59 64 80 91 93
20 2 5 14 15 21 29 31 33 40 41 56 65 70 81 83 84 86 94 96 99
14 2 6 17 23 34 48 50 57 69 79 89 92 93 94
20 6 18 22 25 29 31 33 35 45 49 50 51 60 61 65 66 81 95 99 100
21 10 17 19 21 25 26 39 48 53 55 61 64 67 74 77 82 88 89 92 98 99
24 4 10 11 14 15 18 19 25 28 30 33 36 44 49 50 51 55 57 62 76 80 87 88 89
23 4 5 13 16 19 25 30 35 42 51 52 54 55 56 60 70 75 83 85 87 95 98 99
13 9 15 20 21 30 45 47 58 65 74 94 97 98
24 4 14 18 19 27 28 34 35 38 39 43 48 49 59 62 63 67 70 72 86 91 96 98 100
24 8 11 13 23 24 27 28 31 33 37 41 50 53 55 56 60 65 66 67 82 84 85 94 99
21 3 20 21 23 25 27 30 31 32 35 36 37 61 70 75 79 81 87 89 90 94
20 3 8 12 21 26 32 39 45 47 54 55 62 63 64 70 81 82 89 97 100
24 3 10 16 17 19 22 31 34 35 44 46 47 49 53 55 56 60 62 65 70 79 80 81 86
15 13 22 29 33 34 36 44 53 62 64 83 84 90 93 99
16 1 3 9 20 27 31 32 56 69 70 77 80 83 84 88 92
23 16 18 29 30 31 36 39 43 49 54 59 61 63 67 68 73 76 78 79 80 81 95 98
20 7 11 16 19 23 29 30 32 39 44 50 53 55 60 68 74 75 77 79 80
23 3 4 5 6 13 17 24 29 30 33 36 47 55 57 59 60 64 68 75 77 83 90 100
21 3 7 8 14 21 23 44 48 51 52 57 60 62 64 65 67 74 75 81 84 89
20 5 7 9 14 22 27 32 35 38 40 50 53 54 62 63 69 73 82 85 99
23 2 4 8 15 17 22 23 28 34 46 47 50 59 60 63 72 75 78 80 84 87 95 97
23 5 7 13 14 15 19 21 27 31 38 39 43 45 46 55 62 64 69 74 75 84 92 94
25 4 7 10 14 17 21 22 30 32 34 42 46 47 50 61 62 63 64 73 86 89 95 98 99 100
21 6 10 23 25 28 48 60 67 68 69 71 73 75 78 79 80 81 85 88 97 98
16 5 6 8 35 47 50 53 66 69 76 78 79 88 92 95 97
21 1 8 23 24 26 31 33 37 39 46 48 57 61 67 70 73 78 84 86 98 99
27 4 5 8 11 16 21 23 25 32 35 37 39 49 52 54 57 65 66 67 72 74 75 92 97 98 99 100
17 2 6 8 13 15 16 18 40 42 46 48 49 58 69 71 78 80
16 2 3 11 18 28 36 37 40 52 54 55 69 74 77 79 89
24 5 6 10 12 13 18 23 29 30 32 35 42 44 52 54 57 63 69 71 74 84 85 93 97
25 9 16 23 24 28 30 31 37 38 42 52 55 57 62 69 70 71 82 86 87 94 95 96 98 100
20 2 15 27 38 41 46 50 56 66 71 72 75 79 80 81 85 89 93 94 95
15 11 12 34 35 42 47 56 57 58 59 64 65 70 84 96
21 5 18 29 32 34 37 40 41 44 47 53 54 55 56 70 80 89 91 92 94 96
17 3 5 7 20 26 34 36 42 50 65 66 68 78 88 92 97 100
28 1 2 3 5 6 11 14 19 23 26 27 28 29 31 44 45 53 59 67 75 77 78 81 83 84 88 91 99
27 5 7 9 11 12 15 18 26 28 32 36 39 41 45 49 50 52 56 57 64 66 76 85 95 96 97 98
25 7 8 13 17 19 23 34 37 46 49 56 58 62 63 68 69 70 74 77 82 84 85 86 95 96
23 6 7 8 11 12 21 26 35 43 51 52 55 57 60 64 66 74 76 83 86 90 92 93
24 10 12 16 18 19 27 29 31 34 35 38 44 48 60 63 67 71 73 76 79 84 85 97 98
14 2 9 16 19 27 30 37 41 44 48 60 62 72 84
15 1 3 6 19 23 30 40 41 53 56 70 78 81 91 99
16 12 17 29 34 39 47 55 60 62 76 79 80 83 86 89 100
19 1 2 24 30 32 36 46 51 64 69 71 78 79 83 86 89 91 92 93
19 2 6 12 14 19 26 30 32 46 50 62 63 75 76 81 87 91 92 94
22 3 5 9 14 15 16 31 32 34 37 44 49 60 62 65 69 75 85 88 93 95 100
23 5 8 13 15 23 30 35 44 45 50 53 56 59 66 68 79 86 89 90 94 95 96 98
19 2 3 5 15 16 17 22 25 30 31 32 55 59 63 70 79 83 94 100
25 4 6 16 17 21 24 25 29 33 34 42 45 46 49 52 57 58 66 75 83 85 87 93 94 96
18 1 3 8 12 14 18 19 25 37 45 48 57 71 75 85 87 88 92
14 2 11 18 20 40 44 53 62 66 75 78 89 96 99
19 2 3 7 8 14 15 20 21 23 39 47 56 66 68 70 71 75 86 100
18 1 9 13 15 19 26 27 44 49 54 59 66 68 69 71 85 86 90
28 1 3 6 16 18 20 21 26 28 29 45 49 55 56 62 65 66 70 71 72 73 77 81 88 91 93 97 99
20 3 5 7 13 18 20 30 32 40 41 47 48 56 70 71 83 85 87 88 92
15 7 19 20 26 34 41 49 60 65 74 79 85 89 92 94
21 3 12 21 22 25 26 27 28 40 43 45 50 74 77 79 81 84 86 94 98 99
23 1 4 11 23 27 36 39 44 46 49 55 56 58 61 67 69 78 83 85 90 92 96 97
18 1 3 7 16 24 33 51 63 64 68 71 72 76 77 82 87 89 93
23 7 10 20 29 32 34 38 40 42 49 53 59 69 70 71 76 78 79 81 86 88 89 96
19 3 14 20 21 23 24 28 33 39 41 42 50 52 64 65 66 74 94 97
26 2 4 5 6 12 13 16 20 23 26 31 32 35 41 46 54 61 67 84 85 89 91 93 94 98 99
18 3 6 10 13 15 21 22 32 43 48 49 50 71 85 88 93 98 99
20 2 3 11 14 36 52 54 61 63 64 68 74 77 81 82 84 85 89 91 92
13 2 15 19 20 48 49 57 61 62 69 75 77 100
29 4 9 13 15 16 20 22 29 31 32 33 34 35 41 43 45 46 47 51 53 58 59 64 72 77 83 91 95 96
21 11 13 24 34 35 37 40 43 45 50 52 54 57 71 72 80 85 87 94 99 100
26 7 10 11 12 15 17 34 42 43 46 49 52 53 57 61 65 69 71 73 74 86 91 92 94 98 100
20 5 7 11 20 21 27 30 33 48 49 57 64 65 71 72 79 87 94 95 96
20 7 9 11 20 21 23 24 32 35 42 44 45 50 55 59 62 63 65 70 88
24 1 4 6 16 18 19 20 29 36 43 45 50 52 53 68 73 74 76 83 85 89 90 93 99
29 1 3 6 9 10 11 14 17 21 22 31 35 41 43 44 47 52 56 63 64 75 81 83 84 87 90 91 93 97
24 6 7 12 17 22 23 25 32 37 41 42 45 46 50 59 61 68 70 74 77 79 89 91 98
17 5 19 27 30 37 39 41 45 56 61 71 77 79 81 86 89 95
17 10 13 15 16 30 35 36 38 40 47 49 55 57 67 72 78 100
14 19 20 22 26 31 44 46 50 54 59 66 68 73 86
19 14 17 21 32 41 46 59 63 67 73 81 88 91 94 95 96 97 99 100
18 6 17 20 24 25 49 55 58 59 64 65 71 72 79 80 94 96 98
14 2 14 18 22 32 35 51 57 68 76 77 82 86 93
13 3 12 27 30 40 46 58 62 66 68 81 83 91
22 2 4 7 9 13 15 17 19 20 31 38 46 58 62 66 69 75 76 80 84 91 93
19 4 8 11 18 22 24 29 34 56 61 63 65 68 72 74 85 89 90 97
19 3 4 8 15 21 23 27 29 30 37 38 39 50 52 56 60 66 68 97
19 10 12 15 16 17 34 41 48 49 52 53 55 62 73 74 76 87 93 94
25 2 3 15 29 31 33 36 39 51 53 56 58 59 60 62 64 68 69 81 82 84 88 92 93 97
18 12 16 18 21 23 33 41 43 44 46 57 70 76 77 84 88 93 96
13 6 20 34 35 56 65 66 91 93 95 96 97 99
17 3 7 10 11 16 28 36 38 39 40 72 83 93 94 96 97 100
20 5 16 18 19 22 34 39 42 46 58 67 68 70 71 78 82 83 84 95 100
21 6 8 9 10 11 29 31 41 42 43 47 48 54 59 69 70 76 77 78 80 88
21 3 10 25 26 30 34 38 40 42 46 49 55 59 75 76 81 83 93 95 98 100
19 9 18 19 24 27 31 35 36 45 54 55 60 63 64 70 72 76 79 93
20 3 8 21 27 29 30 31 34 36 50 56 60 61 71 76 78 81 87 90 94
27 7 8 16 21 22 23 30 32 34 35 37 40 51 52 55 56 59 61 62 63 71 76 77 80 81 97 98
18 2 7 8 16 21 34 37 39 50 58 69 80 81 82 84 96 97 99
12 15 16 17 19 24 28 37 39 69 73 91 93
20 11 15 22 25 27 29 30 35 38 41 46 51 55 72 73 77 84 88 89 91
16 3 4 22 26 33 34 35 45 46 64 70 78 85 92 93 96
18 6 8 20 21 25 26 27 28 32 39 42 45 46 47 48 75 95 97
21 1 8 21 22 28 31 36 40 42 52 57 58 60 66 69 82 83 88 89 96 100
18 3 5 7 28 29 33 34 35 41 44 45 50 53 58 72 78 93 100
22 4 19 23 24 31 33 34 42 45 50 57 65 67 68 70 74 78 81 83 86 87 98
18 6 8 12 16 17 19 20 22 26 28 35 51 57 58 62 64 65 85
17 5 17 26 42 43 44 46 66 77 81 83 84 89 90 91 94 96
15 2 7 10 13 19 31 34 44 49 54 66 71 76 91 95
22 1 8 10 14 20 22 26 33 41 42 44 46 53 54 56 61 65 66 79 84 96 100
15 7 20 21 25 37 42 49 50 53 67 70 76 84 91 100
13 3 17 24 27 30 33 45 49 50 62 64 66 92
16 3 20 30 31 32 37 44 50 60 62 68 77 86 95 98 100
29 2 4 6 14 15 16 18 19 25 28 29 31 39 40 45 51 59 64 65 71 74 79 80 83 85 88 92 99 100
23 3 8 12 14 17 18 25 28 31 32 33 42 43 44 61 63 71 73 81 83 87 93 95
20 3 16 17 22 25 41 42 46 49 53 55 65 66 67 68 70 79 80 87 100
17 21 23 29 30 32 36 43 51 56 59 65 69 83 89 93 94 99
26 2 11 13 18 20 21 25 28 33 36 42 45 49 51 52 61 62 67 68 72 76 77 79 95 96 98
24 2 4 5 12 15 19 22 26 37 46 52 53 56 57 61 66 67 71 77 86 87 88 97 98
26 8 9 11 13 14 16 18 28 37 40 53 54 58 60 65 71 73 74 77 81 84 85 91 93 98 99
19 3 4 6 16 17 28 35 37 45 48 50 58 63 74 75 78 83 84 90
21 3 7 18 20 21 24 25 29 31 42 46 47 49 51 65 69 77 80 82 94 96
17 2 5 12 20 24 25 27 38 58 59 62 66 79 86 91 97 99
20 3 8 14 16 26 27 30 31 35 45 46 53 58 72 74 76 86 91 92 98
25 1 7 11 14 22 23 24 27 28 30 33 34 35 58 59 60 62 65 68 70 72 80 96 97 100
20 5 6 9 17 30 34 35 37 47 52 59 62 63 72 75 81 84 92 94 96
16 8 9 15 17 27 35 38 39 41 42 50 59 62 69 96 98
19 2 11 12 15 18 20 26 28 36 49 52 55 58 62 73 75 89 90 96
27 3 10 11 12 15 16 19 21 24 26 27 30 36 39 50 54 57 59 62 70 71 75 76 89 90 92 94
21 7 12 16 25 34 47 49 51 52 57 62 66 67 75 77 86 87 95 96 97 99
23 1 5 15 18 25 32 33 35 38 44 51 55 60 63 68 72 74 75 77 84 92 94 96
19 6 26 31 42 45 47 49 59 61 66 86 87 89 90 94 95 98 99 100
31 4 6 8 9 12 16 24 26 28 30 37 40 42 53 59 60 63 70 74 75 79 84 85 87 88 89 90 91 93 96 98
18 5 7 11 33 44 52 53 54 60 61 66 68 71 82 83 91 92 96
24 5 8 9 14 16 20 21 26 27 30 32 39 44 48 50 54 56 57 58 70 79 80 86 93
26 2 3 4 6 15 16 20 23 25 29 33 38 39 41 43 52 54 55 61 67 72 79 84 85 94 96
14 17 21 27 36 41 44 48 54 58 75 76 81 84 92
17 1 7 8 25 29 38 40 47 54 61 68 69 75 78 81 89 100
23 5 6 9 12 14 20 35 36 38 41 42 46 50 60 61 63 68 69 74 76 79 88 89
20 2 7 9 10 16 17 23 26 32 42 43 45 46 51 54 69 74 85 94 100
12 7 24 28 36 44 61 68 72 79 93 94 99
24 8 13 14 19 21 23 48 49 51 53 56 58 59 67 70 74 77 82 84 85 87 93 95 98
19 15 18 20 24 30 34 37 39 44 47 48 66 67 69 74 76 78 90 96
18 3 10 16 18 33 41 58 59 63 64 68 69 72 78 88 89 92 100
21 2 4 12 36 40 54 63 64 66 71 72 73 75 76 83 84 87 91 94 97 99
14 10 15 16 30 31 33 47 50 63 64 91 92 93 94
21 5 11 12 16 25 28 29 31 39 42 43 50 51 53 54 67 86 88 92 98 100
22 3 11 21 29 31 34 36 43 53 61 64 65 76 79 80 86 89 92 93 96 97 100
25 1 6 9 23 25 26 28 29 37 41 43 46 49 50 58 64 68 73 79 84 87 88 90 92 95
21 9 14 16 28 31 32 40 41 47 52 53 54 59 61 62 65 68 70 72 81 98
9 18 20 23 26 30 44 64 84 97
13 3 16 36 40 43 47 58 61 74 88 93 95 97
23 8 9 13 14 19 20 22 30 43 44 49 52 53 65 73 77 81 83 84 87 96 98 100
25 5 8 17 18 24 28 29 32 34 35 44 46 47 53 58 59 62 73 79 81 85 86 91 93 100
26 3 4 10 14 15 25 27 29 30 31 32 41 48 52 53 55 57 61 66 75 76 80 84 89 93 95
20 2 5 6 8 10 11 17 18 27 29 37 44 60 61 62 66 70 75 81 90
25 5 18 33 36 37 40 41 49 51 52 53 56 59 60 63 64 69 71 80 84 86 89 92 93 94
18 2 8 9 21 29 33 34 46 47 49 52 63 66 68 72 74 80 87
13 1 18 26 27 31 43 60 62 69 74 80 83 98
22 3 15 19 23 24 28 30 31 33 36 38 41 42 43 49 54 56 60 65 75 78 84
17 5 13 17 18 22 27 37 38 40 41 43 45 61 65 70 84 98
18 4 7 36 38 40 42 47 62 70 77 78 79 82 91 93 96 97 99
24 7 12 16 17 20 21 25 28 29 32 42 45 48 56 61 72 76 78 80 92 95 96 98 100
16 4 6 9 11 17 25 30 34 43 50 51 60 77 83 89 96
17 6 14 16 27 28 29 32 34 37 39 42 54 63 70 71 72 97
22 7 9 11 13 15 17 18 21 24 28 29 31 49 62 72 77 84 85 89 92 93 94
25 1 3 8 10 12 15 18 24 31 32 36 37 38 43 48 53 57 61 62 70 71 79 81 83 93
24 3 8 9 18 19 20 24 27 33 37 43 45 49 60 62 64 68 76 82 86 92 93 94 96
23 1 2 4 7 8 9 11 15 17 23 25 27 36 41 45 49 50 53 63 65 85 86 92
11 6 24 27 28 31 36 38 52 57 67 83
29 1 6 7 12 14 15 21 28 36 37 38 42 44 48 52 57 68 69 75 78 79 84 85 87 89 90 91 92 94
17 2 4 6 8 13 16 19 25 28 30 37 38 40 58 72 76 97
13 12 21 23 24 35 40 51 52 57 81 82 89 96
16 5 8 16 17 22 24 45 51 57 59 63 72 75 84 88 97
25 1 12 16 17 19 20 26 27 28 33 40 43 44 49 62 63 66 75 78 85 91 94 96 98 100
18 6 7 10 12 16 17 29 30 34 37 59 67 69 75 79 86 93 94
20 10 15 22 24 25 27 36 50 54 55 56 59 60 67 68 71 73 78 89 92
23 4 10 21 22 31 36 40 41 47 55 56 58 62 64 66 70 71 73 75 92 94 96 100
14 6 8 16 17 36 45 53 63 64 67 76 87 88 93
17 7 9 21 26 33 35 39 47 48 58 61 62 65 70 72 74 78
26 6 8 11 17 18 19 20 31 35 41 42 43 45 50 56 62 63 73 75 78 86 92 93 94 96 100
26 1 6 7 8 18 21 24 25 29 34 47 49 53 54 55 65 68 71 72 73 76 85 86 89 90 99
24 3 4 5 11 13 19 22 23 25 28 38 40 43 47 52 54 66 72 73 85 91 95 96 98
16 3 10 18 19 21 24 30 32 37 39 44 50 62 84 91 99
26 1 2 4 8 13 15 29 33 36 37 42 47 52 55 58 59 64 66 74 77 81 87 91 92 95 98
21 6 7 9 19 22 34 45 46 47 52 54 59 74 79 80 85 90 91 93 95 100
22 6 8 11 14 18 19 21 29 30 35 36 39 55 67 69 72 74 79 92 93 96 98
22 22 23 41 42 43 45 53 54 58 63 64 71 73 75 76 80 82 85 88 89 96 99
15 19 27 29 43 46 52 64 72 73 83 89 92 96 99 100
19 8 14 18 22 25 38 39 41 44 52 61 62 68 75 78 79 91 93 94
17 2 4 13 25 29 38 41 42 43 44 51 55 71 74 75 80 95
20 2 3 16 18 34 38 42 48 49 55 56 58 59 60 65 70 71 87 88 100
22 5 10 14 18 24 31 32 44 46 47 53 57 63 64 69 71 80 84 88 92 93 94
20 11 15 20 21 22 30 33 36 41 43 48 70 73 74 75 78 83 86 87 95
15 4 6 7 9 15 27 41 44 55 62 70 79 88 93 96
22 5 8 9 18 30 32 37 39 45 48 49 51 55 57 58 61 70 75 77 80 86 88
16 2 7 15 16 25 33 36 46 47 49 53 58 62 75 90 99
18 1 6 8 19 20 37 38 40 41 42 55 56 65 70 78 79 83 95
19 4 6 9 11 17 25 26 33 43 46 48 52 56 73 76 77 78 80 82
20 3 12 14 21 23 25 29 35 39 60 66 69 74 78 80 82 85 90 93 94
21 1 14 22 33 37 38 39 43 51 52 56 61 64 67 73 80 81 84 85 88 93
10 8 16 20 23 30 36 46 65 82 89
19 33 34 38 46 53 55 56 58 61 62 66 76 78 80 84 86 92 94 95
22 1 2 8 11 12 21 24 36 38 40 42 56 57 59 68 72 74 75 77 80 89 91
19 5 12 15 24 25 27 38 52 63 64 65 78 83 85 93 94 96 97 99
21 5 7 8 9 14 15 20 21 28 41 53 58 62 71 72 80 90 93 95 97 99
25 2 9 14 17 25 26 34 35 36 39 40 44 45 52 56 60 65 76 79 81 83 84 93 97 98
23 2 5 6 7 9 25 26 29 30 36 37 39 41 49 76 77 79 85 87 88 95 97 98
23 2 6 16 18 20 26 31 33 35 38 42 44 47 50 56 67 69 71 80 85 94 98 100
22 3 4 6 8 10 24 26 42 47 51 58 59 64 74 77 83 84 85 86 93 98 100
20 2 15 18 20 31 35 37 38 40 46 48 54 56 58 69 70 82 85 95 100
19 2 4 11 30 31 32 38 40 43 60 61 70 75 78 89 90 91 92 93
30 1 3 4 5 8 9 12 18 22 26 32 36 43 46 53 56 60 61 62 64 67 74 76 78 80 81 92 95 97 99
25 1 6 12 16 17 20 22 25 27 32 38 42 47 49 50 53 57 58 74 78 80 82 87 95 100
19 4 7 8 9 22 25 28 30 35 40 43 45 50 52 54 83 88 95 96
23 3 17 20 21 26 30 34 48 49 53 58 64 65 71 74 77 78 79 81 82 85 91 99
13 2 3 9 20 26 34 36 55 67 68 79 85 89
14 4 5 33 47 59 61 64 78 80 83 84 89 92 98
22 5 6 10 11 16 19 21 29 30 49 58 63 67 71 72 77 78 79 82 85 90 97
20 7 9 23 32 36 42 51 53 56 57 58 61 62 75 79 81 84 85 86 92
26 1 2 4 5 9 14 15 18 21 28 36 42 44 46 48 50 53 54 63 65 70 86 89 90 94 99
23 1 11 14 15 20 24 27 28 32 34 36 37 43 44 46 49 59 62 67 69 79 83 92
22 3 10 13 19 20 25 31 37 39 46 47 51 58 67 69 71 79 80 83 84 95 99
23 6 14 18 22 24 27 32 34 36 46 47 56 57 61 70 78 82 88 91 93 94 97 100
20 1 9 11 12 13 20 35 36 37 44 45 47 52 61 62 67 71 76 82 91
22 1 3 7 11 17 21 23 32 39 45 47 49 54 56 57 62 66 68 75 80 83 99
16 1 19 21 34 35 41 46 48 50 51 58 66 69 71 77 93
19 6 8 9 12 14 22 29 35 38 49 56 65 76 81 82 83 84 91 95
18 1 4 16 47 49 51 56 57 60 63 72 73 83 89 92 95 98 100
20 7 14 15 16 17 18 26 28 34 42 54 55 61 62 70 71 72 78 96 100
22 2 6 8 13 16 19 20 23 25 26 31 49 51 59 66 67 69 82 89 90 92 95
16 2 5 7 8 9 15 22 32 55 60 77 78 82 85 98 99
21 4 6 8 16 18 21 27 28 39 48 61 65 66 68 72 81 87 88 92 93 100
17 7 11 18 21 22 24 25 27 33 45 47 61 69 73 78 80 94
33 3 4 9 11 13 16 17 18 28 31 32 34 45 47 51 53 55 56 58 64 66 67 68 69 70 80 81 83 89 93 94 95 98
16 4 15 19 36 39 51 54 62 68 71 72 78 80 86 90 100
20 3 6 8 12 16 23 24 27 30 34 39 40 44 51 52 53 54 64 70 78
14 3 7 36 50 55 59 61 62 66 69 71 77 83 90
28 3 7 13 15 17 18 20 24 30 32 33 34 37 39 42 46 51 55 56 60 61 67 68 69 82 95 97 100
16 1 28 31 32 34 36 38 44 46 49 65 76 81 82 84 89
24 1 12 18 24 25 41 51 55 56 58 62 63 64 68 71 76 77 78 79 81 89 92 97 99
17 1 2 3 4 11 26 27 38 42 44 46 64 70 72 73 87 92
23 6 7 8 15 18 23 27 28 31 42 48 52 57 64 66 72 80 84 86 90 91 93 98
16 4 10 14 21 23 26 28 43 46 48 53 58 65 72 86 100
27 18 21 24 25 26 29 30 31 32 39 45 55 58 62 64 69 71 78 81 82 84 86 89 93 95 96 99
19 9 16 30 37 40 42 53 54 59 61 66 71 78 88 92 93 94 96 99
17 1 13 18 27 30 31 36 54 56 58 60 71 77 87 96 99 100
16 4 5 23 32 37 43 47 49 55 59 60 71 87 90 93 100
21 2 3 6 16 25 26 28 29 32 36 40 50 55 56 60 62 69 88 89 98 99
10 1 16 19 30 31 32 36 39 79 87
19 2 4 5 12 21 24 25 29 32 35 38 44 46 47 48 52 93 96 98
25 10 12 16 19 20 24 25 29 36 37 38 41 44 48 49 51 63 66 73 77 81 85 92 94 99
19 12 18 21 22 23 29 31 37 45 46 48 50 57 59 62 87 89 91 100
27 1 3 10 14 15 16 17 20 21 22 36 37 39 47 50 55 65 67 72 78 79 81 82 84 88 90 97
14 14 15 16 27 36 39 42 45 48 49 58 59 83 95
15 2 3 9 21 22 31 45 46 61 65 73 76 89 93 97
25 6 9 13 20 22 29 33 34 36 46 53 54 55 56 63 64 71 77 78 81 87 91 97 99 100
14 19 22 24 46 47 56 58 71 73 81 90 91 92 100
28 1 2 3 7 14 18 19 21 23 25 29 35 36 38 43 45 56 62 63 66 75 76 78 81 83 84 94 98
18 1 10 20 22 26 33 39 40 48 53 62 67 68 71 72 86 94 100
13 7 15 29 42 43 45 64 66 70 79 83 85 87
23 17 19 24 25 26 28 29 34 36 37 49 51 58 59 69 70 71 86 88 90 91 92 95
17 1 14 17 25 27 39 45 58 61 64 65 70 75 77 84 95 97
23 11 15 20 22 24 25 28 29 30 44 46 47 49 61 69 70 80 81 82 83 85 95 97
24 2 4 18 22 27 33 43 45 48 50 54 63 64 66 68 76 77 78 79 85 86 88 93 96
18 5 9 12 14 18 33 35 47 51 56 57 61 64 76 88 90 92 93
19 3 11 12 16 21 28 30 34 36 39 41 52 56 61 63 67 71 83 86
22 19 22 23 28 31 33 35 39 45 48 49 53 64 65 67 72 76 80 85 89 98 100
28 1 2 11 15 28 32 36 38 40 41 45 48 54 55 56 58 62 64 68 72 76 80 83 85 86 93 94 95
21 1 2 3 6 14 15 21 24 29 30 31 38 45 57 58 63 65 78 81 83 93
22 3 4 18 22 30 33 35 41 43 47 57 59 63 66 76 81 84 86 90 94 96 99
22 2 16 21 27 29 32 33 36 42 46 58 66 68 70 72 73 74 81 92 94 95 98
20 5 6 9 12 30 35 42 53 57 60 63 67 71 74 78 80 81 89 96 100
23 1 3 6 8 14 16 17 21 22 30 40 43 44 49 51 56 59 60 64 65 74 87 98
17 1 5 14 16 17 22 33 34 40 43 45 55 60 66 74 78 92
24 2 3 4 5 7 9 10 18 21 22 31 34 42 43 48 57 62 63 69 72 77 81 83 95
24 2 4 8 11 21 31 35 39 46 49 51 52 55 57 59 64 71 72 77 79 89 96 97 99
18 11 15 17 18 21 26 31 33 46 47 55 63 67 70 72 80 90 99
17 3 4 6 8 11 12 17 22 24 38 39 63 67 69 80 84 97
25 6 10 11 19 25 26 28 39 54 56 58 61 62 64 67 70 71 77 83 84 85 86 88 89 98
19 13 14 21 31 32 39 47 48 54 62 69 70 72 74 75 82 94 96 100
23 3 9 14 17 18 27 33 36 38 41 42 46 47 52 57 60 63 65 67 74 86 87 96
15 10 21 26 29 52 54 57 65 67 71 87 88 92 94 99
19 2 10 20 23 25 27 32 37 41 42 47 58 67 69 77 83 87 89 100
21 8 9 13 14 18 19 23 31 40 41 49 53 58 67 70 75 78 80 88 96 98
20 9 11 13 17 24 26 33 39 41 47 48 49 54 63 71 80 86 93 96 97
16 3 5 6 7 18 32 33 40 42 48 55 68 77 80 88 97
18 1 2 6 8 13 21 27 28 31 37 40 45 48 49 62 63 64 75
22 5 11 19 20 24 28 34 35 38 47 49 55 57 59 75 78 82 86 93 94 96 99
21 1 7 19 25 26 30 31 32 43 49 53 62 64 68 71 76 78 80 84 88 91
19 5 6 9 12 21 28 36 38 46 48 59 63 71 78 79 84 90 95 98
25 5 8 12 14 20 21 23 37 40 41 42 44 46 56 59 61 64 69 78 81 86 87 94 97 100
19 2 3 10 19 26 31 32 36 43 45 55 59 65 67 73 77 82 91 96
19 4 5 18 23 24 27 31 40 48 53 57 62 65 66 69 73 83 93 99
23 3 11 16 18 23 29 30 38 39 43 44 61 67 69 70 75 77 80 85 89 90 92 98
13 11 14 16 23 29 30 35 70 79 83 94 96 100
22 2 4 8 17 23 31 32 35 36 40 43 50 51 55 62 68 69 70 72 83 85 86
13 4 9 10 28 33 51 53 58 73 85 88 89 98
20 5 6 8 9 10 13 22 24 27 29 39 40 41 42 45 60 61 89 91 97
18 3 10 12 13 14 20 33 38 40 51 52 53 55 58 60 75 85 89
17 6 17 30 32 37 45 54 57 58 71 78 81 83 89 91 92 100
25 2 6 11 13 15 22 24 27 40 42 44 47 53 56 59 60 62 64 70 71 85 88 89 93 96
22 6 11 12 27 31 32 40 41 43 44 56 59 67 70 75 79 82 85 89 97 98 99
25 2 5 9 10 20 22 24 26 28 30 31 33 34 41 42 43 47 53 55 63 68 76 83 87 89
21 1 6 10 12 13 17 37 41 43 46 48 55 56 63 70 73 74 85 86 98 99
20 2 19 30 38 42 47 48 53 55 56 57 59 60 61 64 67 73 86 91 96
25 8 17 19 21 31 33 34 36 40 44 46 52 56 60 65 67 68 71 79 84 85 91 93 98 99
20 2 6 12 17 23 25 26 32 42 49 56 67 70 73 76 79 91 92 97 98
18 2 8 9 12 16 19 21 22 31 32 48 58 60 68 71 72 78 84
17 8 18 27 31 36 37 40 41 43 44 46 50 57 58 68 73 95
21 1 2 8 9 18 19 25 43 49 64 71 72 73 79 85 86 87 90 91 97 99
24 1 3 7 10 13 17 27 28 31 33 38 40 46 48 49 53 58 59 69 70 78 92 96 100
14 13 15 24 25 35 37 47 56 60 61 70 78 89 95
20 2 5 6 10 13 18 19 24 33 36 41 50 52 59 63 66 68 70 85 99
22 8 13 19 20 27 28 34 36 39 40 41 42 49 50 55 61 74 80 84 90 91 97
15 7 21 22 38 41 50 53 62 64 74 80 92 93 96 100
20 3 12 14 29 32 33 38 44 47 56 57 60 66 68 70 79 80 83 85 87
13 6 17 18 41 42 59 63 67 69 80 81 93 100
17 15 18 24 25 36 38 40 42 44 54 56 60 63 78 83 87 97
15 7 19 20 25 27 32 37 40 52 67 72 74 80 86 92
19 2 3 4 6 12 19 22 24 28 38 42 60 63 66 71 74 80 92 94
24 5 8 25 30 32 52 53 56 59 60 61 65 66 71 78 80 82 87 90 91 94 95 98 100
18 24 25 32 44 62 65 67 68 74 78 79 80 81 82 86 89 91 94
20 4 9 13 28 31 35 37 41 49 57 75 77 78 85 86 88 92 94 98 100
18 1 12 13 17 18 24 33 39 48 50 51 55 61 63 67 72 89 98
14 6 14 23 28 34 43 49 58 65 73 85 88 94 98
21 1 14 20 27 28 40 43 45 52 62 66 67 68 69 80 81 82 84 89 93 97
24 3 8 10 11 20 28 29 30 31 35 41 45 46 47 51 52 69 70 73 79 87 90 92 96
16 5 12 20 21 22 26 42 43 46 51 55 71 79 81 92 97
22 16 21 22 33 42 44 47 48 59 61 64 65 66 78 80 82 85 86 89 90 98 99
20 5 9 26 27 35 37 40 42 44 50 53 58 60 63 71 79 86 91 92 94
22 8 13 16 22 25 33 34 37 49 51 56 58 67 70 73 76 80 81 84 85 91 92
27 1 4 6 8 19 20 22 27 28 38 39 40 42 45 46 55 62 65 67 68 78 79 81 82 87 89 94
27 3 7 11 12 14 15 17 18 19 22 30 41 50 53 56 58 59 66 69 70 72 74 80 84 85 87 98
14 2 5 17 28 39 43 49 53 66 70 80 86 91 97
17 7 12 16 19 20 23 28 32 34 51 52 64 66 70 72 89 94
20 2 7 12 14 16 21 25 28 36 50 52 53 63 64 65 72 77 89 93 100
22 14 15 18 19 21 26 31 34 35 36 40 47 50 53 55 56 70 77 81 95 97 100
21 9 13 17 38 42 43 49 51 53 56 58 63 72 75 79 81 83 84 87 92 94
15 1 8 11 21 23 27 31 37 42 55 75 77 82 83 98
23 14 16 21 24 25 28 29 30 35 44 57 59 63 65 67 72 73 74 76 77 89 91 99
19 4 12 15 23 25 27 33 39 47 49 55 60 65 66 72 73 80 99 100
21 6 7 14 19 22 27 29 32 36 40 47 53 54 56 67 79 80 87 91 95 99
16 6 26 40 44 50 51 52 58 63 65 66 67 76 77 84 95
18 4 11 17 22 23 27 28 42 45 47 50 51 53 69 78 79 80 82
22 1 12 20 22 24 26 34 38 43 45 49 57 58 60 62 75 79 84 89 92 93 100
21 2 6 17 24 27 32 33 37 41 43 49 50 52 55 60 70 75 76 77 93 98
24 1 6 11 17 26 30 34 35 36 40 41 48 54 57 59 64 67 73 74 80 84 89 93 99
18 17 19 24 25 34 40 41 43 48 57 59 63 65 71 74 81 91 95
29 3 5 8 10 11 15 17 18 23 26 28 36 37 38 44 48 49 50 52 55 60 66 67 73 84 92 93 97 100
23 1 2 7 8 10 17 18 24 26 31 36 38 40 42 46 48 51 71 74 82 93 97 100
23 3 10 12 16 20 27 28 30 31 34 39 51 60 62 65 73 77 80 82 87 92 96 99
20 15 16 23 26 27 37 40 43 48 50 55 56 60 64 74 78 82 83 96 97
20 5 12 14 20 22 26 31 35 40 51 55 57 62 73 76 81 85 86 92 97
14 9 11 12 30 35 37 39 61 75 77 78 90 91 92
21 2 6 9 12 15 19 21 22 29 40 41 44 45 54 58 60 66 68 71 82 98
18 2 8 11 13 18 20 27 32 41 59 60 68 77 79 81 88 94 99
21 1 2 9 16 20 25 34 40 42 44 45 46 50 51 52 53 62 81 88 93 98
22 7 8 26 27 40 44 49 54 57 58 63 67 69 71 75 79 81 82 90 93 96 97
25 3 5 11 12 19 23 25 28 38 42 47 49 65 66 73 74 79 82 84 85 87 88 94 95 96
21 5 15 21 23 28 30 34 37 42 43 53 64 67 78 80 81 82 89 91 92 94
14 4 13 19 20 21 25 30 33 57 61 72 84 88 92
18 1 3 13 18 20 29 32 34 43 58 63 74 76 84 86 88 92 98
19 7 10 12 17 22 28 35 38 42 57 59 61 78 80 86 87 90 97 100
24 2 8 14 16 17 26 27 40 44 46 49 53 54 59 60 63 65 68 72 76 78 80 92 94
23 13 14 15 16 17 19 20 28 29 31 36 48 49 52 53 56 58 64 79 88 89 96 100
15 4 15 22 29 39 42 43 51 54 59 62 78 80 86 91
20 3 5 12 15 21 23 30 36 40 44 47 55 57 65 73 74 81 89 90 93
18 4 5 6 18 22 25 26 38 49 51 56 58 64 65 67 77 91 97
26 2 3 4 11 14 18 31 36 37 38 39 46 48 50 52 60 62 67 72 74 78 79 83 87 93 94
22 7 9 21 28 36 38 39 40 45 46 50 53 58 73 74 78 79 80 81 84 86 96
20 9 13 17 20 25 29 35 38 42 45 48 53 70 77 78 86 87 88 97 100
21 5 7 13 14 24 28 32 34 37 40 42 52 54 59 62 64 66 68 75 83 98
23 5 8 9 10 15 16 19 21 30 31 32 35 36 50 54 57 59 64 67 73 81 92 97
25 3 4 17 18 22 25 27 32 33 34 41 43 51 54 56 57 58 59 61 65 69 72 76 80 86
22 6 11 15 18 27 29 31 32 34 41 44 46 54 55 67 72 73 82 85 89 90 96
16 1 7 14 22 23 24 26 34 48 51 59 64 74 88 91 100
22 1 3 5 6 9 34 40 42 45 47 55 56 59 60 61 64 66 67 71 74 85 88
21 5 8 13 20 21 24 26 38 40 47 48 54 55 58 59 70 74 75 80 82 89
14 3 12 24 39 45 50 61 65 66 70 82 84 85 100
20 2 7 11 12 39 43 55 60 62 67 72 73 79 82 85 86 87 94 95 96
21 8 17 22 27 40 42 45 48 49 58 59 63 64 65 68 72 77 78 83 85 97
31 4 5 7 8 9 14 23 24 25 30 33 35 36 38 45 46 55 64 65 70 76 79 81 82 86 87 88 91 92 94 96
21 4 12 13 14 16 24 25 26 27 30 35 40 55 57 60 64 68 71 80 84 97
21 1 13 20 21 26 36 37 47 49 51 58 66 72 76 87 88 92 93 95 96 99
15 9 20 25 29 39 47 49 53 56 57 59 74 91 93 95
19 10 16 18 21 23 34 36 37 43 45 50 51 54 58 74 79 82 93 99
21 3 4 10 15 27 35 39 42 43 52 53 54 59 71 72 74 79 87 89 91 96
21 1 7 9 12 20 26 29 42 45 49 54 56 57 58 69 70 72 77 89 91 93
18 1 9 10 12 19 31 33 35 41 43 44 48 51 55 65 68 70 78
23 8 12 14 17 18 22 29 30 33 35 38 43 49 54 61 62 67 71 77 78 83 97 99
25 2 14 17 22 26 30 33 35 36 38 49 50 53 55 59 63 65 71 74 83 90 93 94 96 100
19 1 9 10 17 18 21 24 33 40 44 45 68 69 79 80 90 91 95 97
21 2 5 6 10 14 22 28 34 38 40 55 59 62 64 66 67 71 84 88 98 99
16 6 7 11 45 53 57 62 65 66 71 74 76 86 89 90 100
20 3 5 8 12 18 21 48 54 55 63 65 71 75 79 80 86 89 90 93 98
21 1 5 7 21 23 30 40 44 45 48 62 65 66 74 76 79 80 89 90 96 99
20 3 4 14 37 41 44 55 59 67 68 70 73 74 75 84 91 92 97 98 100
16 7 10 11 15 16 19 21 32 33 50 52 80 81 93 98 100
14 5 19 31 33 40 44 52 59 60 62 63 70 80 94
18 3 6 11 22 26 29 34 35 39 40 44 60 67 73 83 85 89 91
26 1 6 9 10 11 15 22 24 28 37 40 42 45 48 49 59 63 66 67 72 76 80 81 86 89 98
16 6 13 21 30 34 42 49 64 65 72 78 86 90 92 96 97
27 5 8 13 17 18 21 26 39 44 47 50 53 54 58 59 60 62 65 66 67 75 79 80 82 96 97 98
18 11 15 23 24 45 53 57 59 64 72 82 84 87 89 90 91 95 99
18 2 6 7 9 14 20 24 26 28 35 46 52 58 67 84 90 99 100
19 3 8 14 24 27 28 30 34 35 37 41 45 48 59 62 63 66 73 87
32 4 5 7 12 13 17 20 24 26 27 29 33 34 39 41 48 51 53 55 56 57 72 73 75 78 79 80 88 90 91 92 97
22 5 8 9 12 14 21 23 25 30 48 56 58 61 64 66 68 70 71 72 73 77 97
22 2 9 22 23 31 34 43 44 46 55 56 65 66 68 79 80 85 92 94 96 98 100
18 1 3 16 20 23 24 30 31 38 39 62 63 65 68 86 88 90 98
20 10 12 14 19 23 24 25 27 33 37 41 46 64 68 69 77 81 85 93 100
18 1 9 17 26 31 32 40 44 47 48 59 62 64 76 77 78 83 95
18 23 27 28 42 46 49 53 66 73 74 75 76 79 82 84 87 89 98
21 3 6 15 16 23 30 38 56 57 58 59 60 65 67 71 77 84 86 88 96 99
21 21 22 35 38 41 45 46 48 49 54 55 63 69 72 73 78 84 85 88 89 96
26 6 10 20 23 25 26 31 34 35 38 39 44 47 55 56 59 65 66 67 80 82 85 90 93 95 98
29 6 7 8 15 18 20 21 22 25 30 33 39 40 42 43 44 45 46 49 53 59 64 74 77 84 86 89 92 96
18 5 11 13 21 24 26 29 33 34 42 58 59 60 67 69 74 87 96
19 2 7 8 11 17 23 26 32 37 44 50 51 58 59 60 71 80 86 95
22 7 9 11 12 16 22 23 24 26 35 44 48 50 51 52 62 69 72 74 76 97 99
18 8 12 14 24 32 35 38 40 41 50 56 61 68 69 76 82 85 98
21 7 15 17 20 26 27 33 44 45 48 49 57 63 65 74 78 81 84 87 88 100
18 7 16 24 27 31 34 39 41 43 44 52 57 60 68 70 75 97 98
14 4 18 19 34 43 52 61 68 78 79 82 86 87 94
21 1 3 7 12 17 19 21 23 30 32 43 48 53 60 81 82 89 90 98 99 100
21 4 7 19 20 24 29 32 42 49 55 56 57 69 70 72 77 78 92 94 95 98
17 6 14 19 30 33 39 53 58 70 74 77 79 80 82 84 91 96
22 2 4 7 10 23 25 28 31 40 47 50 52 58 63 68 69 73 76 90 92 94 97
21 5 6 9 18 24 27 34 35 39 41 43 44 66 69 72 75 84 86 95 97 98
21 1 12 19 20 23 32 39 48 49 52 53 66 67 71 75 76 84 87 89 97 98
19 2 13 21 22 25 32 34 36 39 52 55 60 64 66 78 85 86 96 100
26 1 2 3 7 9 10 11 14 15 20 30 34 35 40 44 46 47 51 67 68 70 83 85 88 95 100
20 4 6 24 25 26 31 32 34 37 40 42 46 47 49 54 61 64 67 82 100
16 1 5 11 25 33 36 43 47 48 49 56 63 85 87 91 99
22 1 5 6 12 16 19 25 26 28 34 36 39 44 52 59 62 73 78 80 82 90 95
18 4 5 9 17 27 38 41 42 45 46 52 53 66 68 79 82 92 94
23 7 13 16 24 27 29 30 31 34 35 39 41 42 44 52 54 55 56 59 65 71 82 84
16 6 14 38 39 42 43 55 56 57 61 62 66 75 80 85 97
20 5 6 8 12 22 26 42 45 47 60 62 65 70 72 83 89 91 95 97 98
21 3 7 9 23 31 33 34 35 40 44 45 54 58 71 72 79 86 90 95 96 99
16 5 6 25 31 36 42 51 60 71 73 74 82 90 94 98 99
17 8 12 16 29 31 43 45 52 55 69 73 77 78 86 90 91 95
