100 500
4 1 33 46 59
8 21 23 31 43 44 89 92 94
5 4 41 46 47 57
1 96
6 13 57 63 68 95 96
5 10 49 52 64 66
5 2 9 31 60 78
3 49 71 93
7 8 22 25 54 63 80 82
7 18 19 32 33 34 40 100
2 8 96
4 37 38 60 91
6 11 24 27 68 74 77
3 3 34 90
6 1 38 57 70 71 92
4 14 40 43 62
4 5 16 18 58
6 4 48 52 66 80 99
8 17 20 35 44 49 62 96 100
6 18 52 58 67 93 96
4 67 70 76 91
5 1 21 24 31 34
6 30 44 69 72 74 99
5 21 48 62 63 90
6 33 48 76 77 93 95
3 38 44 61
4 28 44 58 79
4 8 18 30 99
5 3 20 56 64 89
6 4 14 23 29 43 58
8 11 13 40 41 46 63 72 82
6 15 19 35 46 86 87
4 36 60 67 78
8 24 45 53 76 85 86 91 92
6 18 49 76 77 79 91
5 5 48 52 81 89
3 13 51 75
3 25 50 61
8 9 24 26 66 72 88 91 99
8 4 10 28 43 53 55 90 93
9 5 7 25 47 56 57 60 71 72
5 11 43 68 78 100
1 53
6 12 47 49 52 56 89
8 6 21 22 46 49 63 73 100
3 39 40 55
7 11 15 20 45 48 67 69
5 44 71 82 94 96
5 5 6 29 48 58
2 43 60
3 35 78 94
7 6 35 36 71 80 85 97
5 30 50 88 93 99
9 1 24 30 72 74 82 86 92 93
7 15 37 41 48 54 66 84
3 12 20 93
4 4 15 87 96
7 17 20 33 37 39 46 85
5 1 30 61 89 96
3 16 32 92
1 7
3 38 47 69
7 3 14 30 31 45 59 97
4 45 46 49 75
5 47 51 63 72 78
6 14 25 30 31 81 92
8 9 12 25 30 38 40 80 87
5 1 20 44 56 93
5 50 54 68 73 85
4 3 25 64 72
1 93
4 18 50 84 93
8 1 13 18 28 37 75 78 89
4 20 55 68 98
2 3 10
2 36 79
4 22 33 66 74
4 16 17 39 84
5 2 13 24 80 95
6 8 37 48 56 69 75
14 1 6 9 25 35 46 48 50 53 66 81 96 98 99
4 4 13 54 97
4 2 8 12 41
8 1 25 28 44 57 72 85 99
5 25 31 33 48 54
6 14 20 41 52 92 96
2 33 87
2 14 54
1 72
7 21 23 29 44 52 54 75
1 65
5 18 49 74 76 79
4 24 35 48 93
5 9 36 66 69 98
7 10 30 32 47 55 83 98
2 33 79
2 24 73
6 18 26 36 48 54 81
7 3 18 29 35 49 59 85
5 11 24 25 48 95
5 19 31 37 48 70
7 9 25 45 47 55 76 79
5 17 38 56 92 99
8 5 6 20 29 61 71 73 89
2 1 9
5 26 30 46 52 95
5 4 61 63 77 94
3 22 65 89
6 12 25 33 57 71 77
6 14 18 48 58 61 66
4 22 23 36 85
3 10 22 87
6 2 69 72 88 93 100
11 4 5 37 40 47 63 75 79 87 88 89
2 15 43
5 14 28 31 63 96
6 34 35 57 60 87 89
7 6 9 22 47 49 89 99
4 8 19 88 93
2 65 80
6 19 27 40 78 84 99
3 28 46 81
7 13 25 70 82 87 94 95
5 14 19 49 51 54
4 19 32 39 62
6 1 23 25 65 84 92
3 29 69 75
8 37 56 58 66 67 76 86 99
3 18 27 79
3 46 47 70
3 15 60 100
4 8 60 93 98
4 42 70 76 89
5 16 37 59 90 93
11 18 25 39 44 48 62 68 73 80 84 95
6 6 16 19 21 41 89
7 9 10 26 39 46 54 79
2 25 30
6 9 10 31 65 68 77
4 22 44 65 86
6 10 13 15 62 75 86
7 2 8 32 55 61 69 73
3 72 77 96
5 14 18 25 38 52
4 57 63 80 84
6 26 32 37 42 65 69
5 14 39 43 48 84
9 11 16 26 27 44 51 53 67 96
8 6 33 46 54 58 68 81 96
5 17 57 68 73 91
8 2 12 14 49 71 85 96 100
11 1 14 16 17 20 30 31 33 45 79 98
7 7 10 41 48 62 68 70
2 28 71
3 11 29 49
5 3 30 43 68 70
4 41 54 88 91
5 15 17 39 81 84
4 29 37 48 96
1 87
6 6 64 77 78 82 86
5 20 73 83 85 93
5 13 38 45 60 87
6 10 18 23 36 86 98
5 24 40 50 65 86
5 4 24 35 77 93
4 6 10 35 92
8 10 21 26 34 62 63 84 92
5 1 8 11 62 64
3 22 62 85
9 1 29 30 31 42 44 72 77 87
5 70 73 77 87 97
5 18 41 47 52 63
5 2 23 52 72 73
5 13 24 36 71 91
4 44 49 61 67
7 2 47 48 51 60 77 94
7 12 20 26 55 61 73 87
7 8 36 75 77 78 81 97
2 91 99
6 1 13 30 38 74 83
8 25 35 40 61 62 65 77 88
7 41 42 45 59 63 74 85
1 74
2 40 74
2 42 72
4 16 38 83 85
12 17 22 23 25 40 47 48 66 81 83 85 94
3 13 17 40
2 22 93
4 3 24 67 75
4 26 37 63 95
10 13 27 35 45 51 57 61 72 81 97
10 11 30 40 50 53 58 60 65 79 86
7 20 25 46 53 68 85 92
8 17 22 37 51 58 60 91 93
5 18 22 30 32 33
10 47 50 62 63 70 78 83 88 89 94
5 29 32 53 75 94
2 9 31
3 11 50 97
3 21 44 59
5 16 17 24 28 48
4 50 52 92 95
4 30 85 93 97
2 51 71
8 14 16 25 36 53 75 85 93
2 58 65
7 8 17 44 50 56 62 65
5 40 42 43 46 81
10 5 17 18 22 26 42 67 74 84 94
5 8 11 16 22 40
3 18 66 94
6 41 50 54 62 84 91
4 58 72 80 87
5 18 34 41 48 70
9 12 20 35 43 61 65 69 77 83
3 18 47 70
9 1 9 10 16 34 50 57 65 94
5 16 22 51 85 97
2 72 93
3 50 83 84
3 1 32 80
4 47 54 62 66
4 14 29 51 76
4 28 50 78 99
5 24 36 51 83 86
6 9 24 31 73 74 76
5 23 39 41 55 89
4 39 48 86 93
1 88
2 20 46
5 5 49 58 79 94
3 53 76 91
3 71 73 92
5 41 44 67 77 88
8 6 8 24 32 60 71 72 77
2 61 96
5 4 23 34 44 91
5 42 51 57 83 89
1 36
4 3 22 77 99
3 8 19 31
1 15
6 23 35 42 51 89 91
3 14 28 62
3 6 16 35
5 27 36 37 57 68
8 2 25 47 65 69 73 82 92
5 1 40 46 53 54
5 7 12 43 56 63
10 6 24 30 31 32 35 54 68 69 79
6 32 42 69 91 92 100
5 7 49 71 81 98
5 28 42 73 77 99
4 6 11 77 98
4 27 37 75 91
4 11 55 67 68
3 24 32 42
5 4 13 14 18 69
7 4 29 48 79 87 94 99
3 6 35 93
1 27
5 19 49 53 63 66
3 28 65 86
7 9 12 24 29 35 82 95
5 51 73 79 80 84
4 14 33 87 90
4 38 49 65 78
4 17 31 70 78
5 12 15 33 67 74
10 7 20 32 38 45 57 60 71 91 99
9 3 7 20 36 47 65 92 96 97
5 20 27 77 91 94
4 40 57 87 98
3 55 81 88
2 7 68
6 8 33 42 55 84 87
3 38 58 73
10 3 30 37 51 52 61 62 64 79 83
5 3 26 68 77 94
3 10 83 94
3 18 62 83
3 13 14 68
4 1 44 49 95
5 18 24 32 34 100
5 6 28 49 65 86
7 1 22 23 59 62 96 100
1 73
4 14 41 68 77
10 7 18 20 24 25 30 48 69 77 98
5 5 10 18 47 78
4 23 35 42 64
5 16 26 39 72 97
4 42 44 53 57
11 7 16 21 29 35 54 58 60 66 71 87
5 1 12 52 70 91
2 58 99
2 12 13
4 33 75 77 82
7 3 32 42 53 85 88 89
5 22 26 29 69 75
3 48 58 72
4 31 69 74 94
4 58 76 91 94
2 30 44
4 32 72 87 92
9 52 54 55 60 63 81 85 91 92
12 15 20 32 35 42 44 46 52 87 91 93 94
4 7 76 87 95
4 29 40 70 96
3 11 42 77
6 17 31 39 68 83 89
5 12 13 16 39 95
6 15 45 62 79 82 87
5 19 28 55 72 86
7 35 42 47 54 85 89 94
4 17 26 48 93
3 40 69 94
4 3 26 41 47
3 15 16 18
5 9 23 34 38 85
4 14 33 59 71
6 10 31 55 59 64 86
6 29 36 63 72 78 94
7 4 11 12 19 23 61 87
5 25 43 51 66 83
6 16 45 48 55 75 77
6 10 43 45 57 90 99
6 58 63 64 67 70 72
4 50 56 86 87
12 15 36 49 65 68 73 75 78 81 84 90 97
4 1 21 28 82
2 21 42
8 8 18 27 30 71 80 85 88
4 11 34 47 75
4 35 54 78 88
3 3 64 87
4 22 51 88 95
4 25 83 88 99
6 38 41 80 81 88 94
7 1 28 58 75 79 81 83
3 9 74 75
4 35 42 44 93
2 83 87
4 57 78 83 94
7 3 24 29 41 46 58 61
6 18 42 50 57 58 71
5 29 34 38 53 92
1 74
5 26 27 32 36 85
4 50 81 89 91
4 4 12 50 83
8 8 43 47 51 52 61 71 100
2 97 100
9 8 17 22 24 30 60 69 90 95
3 25 51 65
3 54 81 89
3 3 61 62
3 1 32 43
2 5 26
2 24 82
2 14 92
4 38 58 67 100
6 9 24 84 86 93 97
12 4 5 11 18 20 34 38 41 49 50 72 88
8 16 23 28 30 32 54 55 77
6 14 39 66 72 78 100
3 42 68 100
7 17 46 85 88 92 96 98
2 36 89
6 32 40 44 79 87 89
8 15 25 37 49 73 82 90 97
1 70
4 23 29 62 83
7 35 44 45 58 62 79 97
6 4 11 25 33 57 99
7 1 5 37 54 57 76 81
6 26 32 33 72 85 88
5 24 29 63 72 97
2 5 15
3 18 30 43
3 55 67 77
5 3 9 28 57 66
4 35 61 79 95
4 14 30 88 98
7 10 23 34 72 81 97 98
5 17 40 57 66 75
8 4 26 32 38 49 64 69 74
6 3 7 33 74 77 84
7 11 21 30 49 59 84 99
1 99
8 10 15 41 62 74 76 99 100
4 2 26 31 66
2 81 86
3 38 54 97
11 8 20 22 43 51 55 58 62 75 78 95
6 15 36 41 42 86 93
6 17 26 28 53 62 95
7 10 43 50 58 64 73 91
6 4 39 45 58 66 90
6 15 27 78 83 89 92
5 11 57 78 84 94
7 4 48 60 65 84 86 94
3 9 83 95
4 40 54 59 62
4 10 24 48 67
7 5 10 17 45 46 74 91
4 40 52 54 75
10 9 15 22 35 36 62 70 73 90 100
4 7 22 84 100
7 6 16 33 48 62 89 93
6 30 36 45 60 63 71
5 1 31 41 47 69
6 10 31 32 66 76 82
5 31 45 53 66 95
7 2 33 42 65 78 88 99
7 7 20 40 54 55 58 82
6 5 20 38 60 82 96
4 14 45 48 100
1 57
6 12 15 45 52 61 62
4 59 69 78 87
5 21 24 33 59 79
2 7 66
7 21 23 46 48 72 79 95
1 57
4 3 44 89 93
9 1 24 32 36 38 43 60 64 98
2 17 51
6 2 41 53 62 63 72
6 20 21 31 62 65 94
5 19 32 40 54 58
7 7 26 42 50 55 58 74
6 1 32 42 43 83 99
6 8 34 39 41 47 53
3 4 19 65
4 22 35 58 70
3 21 29 40
3 24 29 32
8 21 33 40 43 55 59 80 82
2 48 85
3 26 62 90
4 18 19 38 88
5 26 61 76 82 87
6 15 41 47 49 55 83
3 18 42 60
6 1 32 34 60 68 80
4 1 2 22 94
4 61 68 71 94
6 3 4 43 55 64 92
3 7 19 42
2 44 52
4 3 36 46 75
5 11 48 53 72 85
4 17 62 87 96
2 46 98
5 24 54 68 82 99
5 18 69 79 91 92
5 19 41 51 60 79
6 43 55 57 61 69 94
5 31 59 74 82 99
7 5 14 15 26 32 58 65
2 21 23
3 51 80 85
2 60 61
2 3 37
7 26 29 52 80 88 94 97
7 7 32 46 61 65 66 81
6 14 30 35 63 65 89
6 35 68 75 85 91 93
7 3 33 35 47 66 82 98
5 1 33 46 56 83
11 10 19 20 25 43 69 74 78 81 82 90
6 30 49 62 67 78 94
1 4
4 16 23 65 92
6 1 12 18 35 56 76
1 34
5 36 48 56 72 86
3 45 91 97
2 18 24
7 1 11 22 24 36 69 86
4 47 75 78 93
8 18 28 29 36 42 64 81 83
6 14 26 60 81 84 99
2 21 99
5 20 21 41 56 89
7 14 31 44 59 64 74 94
4 2 35 71 85
3 20 34 61
6 26 31 59 68 70 76
4 11 18 50 61
4 17 29 31 44
8 6 14 27 41 58 75 82 83
6 4 14 27 31 85 97
4 55 63 73 76
5 2 10 40 41 96
4 10 30 92 93
3 20 68 98
