100 200
4 5 11 86 90
5 7 12 33 47 100
5 1 45 48 56 81
4 55 79 80 97
5 31 39 45 93 100
5 16 71 75 85 97
6 25 34 49 58 74 96
3 35 85 97
8 8 20 24 48 54 66 72 87
3 32 36 67
3 33 52 55
9 6 31 34 43 46 47 55 69 71
4 25 64 72 99
11 14 27 33 34 41 51 56 61 74 85 87
5 31 45 51 52 86
7 21 47 52 55 62 77 88
3 83 84 98
6 3 41 43 52 61 100
4 3 15 57 63
5 43 56 69 70 83
2 16 39
7 15 16 20 60 65 69 87
4 9 17 32 41
7 9 20 46 59 62 65 79
2 42 48
5 3 48 50 85 90
5 1 22 26 39 74
2 52 97
6 5 17 62 71 95 97
5 4 13 34 71 84
4 16 37 44 100
2 26 86
6 26 37 46 63 66 96
5 6 16 37 40 94
4 36 54 58 79
5 49 56 82 89 96
6 5 8 38 56 69 90
7 3 24 44 45 47 84 85
7 26 27 40 51 54 84 86
4 35 36 53 90
3 68 78 90
4 29 30 79 98
5 8 15 20 39 60
3 18 40 81
5 37 43 48 72 76
3 34 49 68
3 37 60 61
7 9 13 16 39 45 60 72
6 4 8 27 36 37 41
4 5 18 34 68
9 20 42 45 64 67 77 84 95 98
5 29 43 64 83 93
6 1 18 26 28 31 34
6 21 38 41 68 79 80
3 8 73 100
5 29 43 73 88 96
6 24 35 47 60 61 63
3 70 72 99
3 22 27 54
7 24 25 34 46 49 69 87
8 5 6 10 19 24 25 48 83
6 8 10 22 67 85 100
9 8 30 32 49 75 76 79 91 97
3 3 69 99
9 8 16 50 63 65 67 69 75 88
2 51 67
6 7 50 55 67 94 98
5 19 32 48 67 91
7 4 14 17 73 85 93 95
5 8 14 46 52 93
4 28 77 92 93
2 23 81
4 16 35 79 83
1 11
4 19 37 41 77
5 24 29 44 46 50
2 7 87
4 26 45 68 69
5 9 26 55 68 92
3 60 66 90
4 20 24 33 87
1 72
5 23 26 38 45 85
9 2 16 30 48 50 58 63 95 99
9 1 16 22 31 35 44 46 61 88
4 45 59 81 90
2 23 39
4 19 32 35 83
4 74 76 94 96
5 11 29 32 35 74
1 40
8 8 21 35 38 42 53 83 91
6 8 24 29 32 45 85
6 14 28 47 62 97 98
7 47 51 64 66 68 72 94
8 8 9 11 27 28 31 75 90
7 19 26 38 47 54 89 90
6 17 20 65 70 91 92
3 34 42 98
3 62 82 91
7 3 14 26 27 34 54 76
5 2 18 47 61 62
11 14 31 32 38 39 40 51 62 65 70 91
4 50 57 65 99
6 2 7 25 37 84 99
5 43 60 61 71 100
6 19 33 42 74 79 88
4 18 63 79 90
7 1 18 33 34 63 95 98
4 10 36 75 79
4 8 64 78 83
5 40 54 58 70 83
6 19 28 39 58 68 76
5 36 40 43 67 89
6 32 34 39 41 67 75
5 45 59 62 86 91
6 28 37 49 64 79 91
3 20 22 92
4 7 13 42 68
5 1 26 35 38 68
1 93
2 27 89
8 12 16 46 47 58 64 78 97
6 14 17 39 40 56 87
3 23 62 100
10 40 42 46 58 68 79 81 82 94 96
6 29 32 43 47 72 76
5 50 55 64 90 93
4 14 35 73 97
3 31 36 59
4 39 82 97 99
2 24 29
5 19 33 66 88 98
4 30 57 72 73
6 7 11 16 20 53 93
8 2 32 41 43 49 61 64 85
5 27 74 76 96 99
5 6 8 51 67 71
3 36 73 84
3 12 53 95
8 8 11 39 55 57 65 70 96
7 9 41 47 50 52 80 87
3 34 56 78
6 7 10 27 31 61 64
3 62 75 87
4 14 43 56 80
9 7 8 18 21 33 35 42 46 88
7 18 19 26 35 46 77 91
2 60 80
6 20 33 49 58 62 74
5 11 21 23 86 99
3 5 73 88
7 2 7 15 17 35 47 73
5 31 40 52 76 99
1 7
4 5 44 50 100
8 25 26 27 57 69 70 94 100
4 2 88 92 97
4 38 42 76 78
4 4 8 26 41
7 3 9 12 19 21 42 97
4 7 33 34 79
8 10 11 13 28 30 36 38 71
4 15 38 41 76
1 70
5 2 42 55 88 97
4 8 57 60 80
5 18 25 73 75 76
6 10 12 28 33 89 96
2 48 49
7 1 5 7 8 15 61 70
4 26 27 33 41
1 42
6 13 22 24 72 76 96
3 16 29 33
4 28 63 88 100
4 32 70 87 90
4 41 50 52 61
3 60 61 78
1 13
3 33 58 78
4 10 72 75 88
8 36 61 66 67 88 90 97 99
6 6 49 53 70 81 82
9 19 30 37 40 53 59 61 62 66
4 17 43 84 98
1 34
4 6 39 77 99
4 12 51 80 88
7 2 34 36 68 69 76 94
4 5 12 61 69
9 1 4 5 43 46 57 75 88 89
3 4 32 84
11 10 26 29 30 38 46 57 69 70 81 96
5 19 34 42 52 55
3 64 76 90
1 60
5 13 15 68 94 99
8 3 16 34 49 56 67 70 97
6 1 28 48 56 70 100
