100 1000
6 41 57 83 91 97 98
2 23 53
7 26 28 40 80 83 84 89
4 13 36 87 94
7 12 34 35 37 64 70 77
6 6 9 23 31 42 52
5 9 39 47 60 100
6 9 41 51 76 89 93
4 8 21 37 81
1 35
9 5 9 11 12 47 62 80 84 85
13 1 5 7 9 12 33 35 68 69 72 81 82 90
4 26 56 73 100
4 62 63 64 76
6 16 22 49 90 94 98
7 3 27 36 46 51 84 90
7 18 30 34 68 82 83 100
5 12 20 33 49 64
4 8 18 29 84
2 51 61
6 16 43 46 48 97 98
3 26 29 40
9 5 11 12 13 15 20 39 51 83
4 9 10 19 89
7 2 7 23 82 85 91 98
6 29 40 68 77 88 98
8 26 34 44 46 47 51 68 84
3 11 29 70
3 19 20 45
4 29 31 38 49
5 5 11 29 49 63
4 14 21 62 69
3 33 43 66
3 24 89 92
4 10 26 75 96
3 39 78 93
7 6 40 50 67 68 86 95
4 26 28 69 98
5 16 40 76 83 90
4 12 19 58 81
5 9 27 76 82 95
8 10 38 57 71 76 80 88 94
3 10 49 99
7 5 39 41 54 61 97 98
5 9 22 42 48 76
3 39 66 75
6 13 26 81 88 91 100
4 4 17 24 81
5 1 38 47 50 57
3 31 58 93
5 13 24 33 54 80
4 25 43 57 75
7 1 2 22 30 55 70 80
4 1 20 21 66
4 2 30 52 96
7 5 7 22 38 65 89 93
3 9 38 94
5 6 42 44 84 91
4 5 15 28 72
5 23 24 30 57 61
4 6 26 52 70
4 33 59 61 99
7 6 9 25 77 80 92 97
5 14 31 39 61 73
5 17 73 80 81 84
7 4 26 28 37 73 77 95
3 65 72 78
6 40 57 79 87 89 97
5 37 40 53 57 82
4 65 74 76 98
6 43 50 56 64 78 80
3 2 21 52
4 10 28 47 57
5 20 37 70 83 89
7 36 40 49 54 68 85 88
3 2 54 86
2 12 35
3 26 37 52
6 2 22 27 35 57 70
4 22 54 77 85
8 5 16 31 47 69 75 92 98
3 11 84 87
3 34 36 58
4 16 41 92 98
4 12 51 56 70
7 11 18 24 31 39 68 89
5 34 36 43 88 96
7 9 31 32 36 65 76 80
5 41 46 88 91 97
4 24 31 37 76
6 3 10 14 26 73 83
2 27 77
3 26 31 82
6 5 27 46 54 68 92
4 11 74 77 95
6 27 35 71 81 85 100
5 2 28 51 72 96
4 16 40 71 97
5 34 51 84 93 98
6 13 31 64 69 76 88
6 2 21 27 31 35 69
4 3 12 46 75
6 9 29 34 74 98 100
3 7 28 68
9 5 15 22 27 30 46 48 73 93
8 6 25 29 30 59 70 80 96
7 7 12 32 34 49 59 88
7 10 12 18 24 41 50 66
5 39 77 86 88 100
6 55 60 78 88 96 99
3 8 17 72
4 74 77 86 96
5 3 18 37 41 49
5 10 18 45 83 94
5 7 8 18 79 99
3 6 43 64
6 17 38 47 59 60 80
5 49 53 87 92 100
6 34 41 45 69 81 83
6 7 24 30 45 82 86
6 8 44 82 84 87 90
6 28 33 45 54 55 81
6 9 24 72 76 81 85
11 4 17 24 38 43 52 59 76 87 88 99
5 27 48 66 74 77
2 52 79
3 14 34 36
6 8 23 52 74 87 88
4 29 39 74 87
5 17 38 60 66 85
8 10 11 33 53 72 74 84 98
5 21 51 67 68 72
4 6 53 55 56
10 2 19 21 22 52 58 69 74 84 98
6 8 48 51 58 66 89
9 2 24 29 41 44 56 65 81 84
4 8 27 43 100
3 14 42 69
5 6 11 24 35 93
3 29 52 94
5 14 20 45 75 87
4 19 26 33 89
1 58
3 26 59 95
2 43 69
7 3 9 37 58 88 97 98
4 13 21 22 58
4 18 25 50 70
3 15 60 68
5 3 16 59 63 64
1 80
12 15 21 24 31 32 56 57 60 63 70 73 88
7 6 31 58 63 77 89 90
10 5 13 16 20 24 28 40 45 81 90
5 20 34 62 72 92
6 9 10 69 73 90 96
4 4 50 75 91
6 6 12 16 28 35 97
7 30 31 35 46 62 85 92
5 15 18 41 60 62
1 97
6 23 26 49 78 85 88
5 2 5 34 77 84
7 6 15 49 55 67 74 90
2 11 41
2 52 74
3 36 57 99
4 16 42 71 75
8 31 43 60 79 81 83 88 91
2 13 45
4 12 31 93 98
7 8 32 41 44 49 68 97
7 9 12 23 27 32 33 65
5 42 49 57 64 85
7 11 17 18 32 33 35 75
2 6 57
7 9 30 41 56 57 59 66
6 2 7 12 13 17 71
6 8 10 34 51 65 75
8 11 12 46 58 64 80 82 92
6 4 23 31 33 36 72
2 20 21
2 27 30
7 14 25 36 56 72 84 88
3 13 15 91
3 68 86 96
3 10 87 93
6 2 3 30 60 86 95
2 7 17
7 1 3 16 26 27 79 86
5 22 66 68 73 83
6 14 37 55 73 77 89
8 8 22 24 39 50 62 75 84
4 12 17 67 71
7 16 37 62 73 81 91 98
3 18 30 56
4 25 50 80 95
2 26 91
5 3 4 22 72 76
4 1 68 71 84
5 17 51 68 87 97
12 10 24 28 31 43 45 49 53 55 56 83 91
6 11 30 33 34 58 72
8 7 11 23 30 45 61 65 73
3 11 64 97
9 5 12 54 69 73 74 77 98 99
8 16 18 21 70 72 74 81 100
5 39 47 58 64 93
4 4 7 62 82
8 10 13 50 53 60 62 63 71
4 8 68 69 100
6 17 28 32 50 90 98
6 11 39 59 76 89 93
6 10 12 37 56 69 89
2 14 59
12 6 14 19 23 24 34 41 42 44 49 85 98
5 53 54 57 65 71
6 5 14 34 63 68 87
7 9 18 19 68 76 97 99
4 22 38 82 92
4 20 40 47 90
6 40 49 50 79 80 84
9 14 17 36 45 49 52 66 82 99
3 67 77 86
5 19 44 66 74 100
8 7 23 56 58 61 74 83 97
4 5 41 94 98
4 17 55 90 93
5 4 38 40 93 99
7 26 27 56 60 67 69 80
5 7 17 30 31 34
5 15 18 23 63 67
7 11 15 26 35 58 84 96
4 14 74 82 87
5 4 28 35 52 70
7 8 12 17 27 28 44 69
6 15 18 24 73 86 95
5 8 18 52 58 92
10 4 11 36 42 47 50 79 87 89 95
3 2 13 90
4 12 33 45 66
5 5 18 30 54 81
3 15 87 99
6 2 4 16 27 86 87
1 76
4 7 45 53 79
4 15 59 77 99
5 16 24 32 55 89
6 36 51 57 78 80 91
5 36 41 65 86 93
6 14 31 59 67 90 91
6 9 30 51 54 58 69
5 51 61 67 81 83
4 54 55 63 86
3 9 84 100
4 12 39 59 63
2 30 35
3 32 47 85
9 1 20 31 36 58 61 91 97 100
4 18 32 39 45
6 14 32 44 49 52 77
1 59
5 30 34 48 86 100
4 8 19 36 81
8 5 13 15 34 61 64 83 93
12 2 4 8 42 48 49 67 72 75 78 84 92
2 5 57
5 37 43 47 75 81
5 3 27 40 43 68
7 29 37 50 59 68 69 78
2 28 98
6 2 4 8 18 69 86
3 6 49 99
11 1 20 45 67 68 71 72 73 80 81 92
5 17 18 40 54 74
6 18 19 27 37 68 75
3 8 42 75
7 20 22 27 28 38 77 95
5 1 9 57 64 88
3 21 48 92
4 69 83 97 99
8 10 14 32 69 70 76 78 85
6 46 52 54 62 64 78
5 6 30 54 56 73
6 10 27 46 73 74 90
8 4 16 37 41 45 66 70 95
6 20 71 76 79 94 95
5 43 59 77 86 96
4 59 62 88 92
9 16 17 42 59 61 74 76 77 100
5 24 36 62 67 82
2 63 89
5 50 61 68 73 99
4 37 40 65 78
2 28 84
6 16 28 37 38 60 73
4 5 10 26 62
7 22 46 63 80 87 88 93
8 7 35 36 49 57 61 81 97
5 26 55 56 91 98
2 67 79
1 79
3 3 31 41
5 5 59 60 81 86
6 5 6 41 52 94 96
6 1 8 10 13 46 51
3 7 17 69
6 10 15 19 45 65 76
4 5 22 80 82
8 18 20 30 35 36 48 86 96
2 2 84
3 31 35 43
3 8 84 85
3 14 42 52
7 2 5 30 66 71 89 99
10 6 25 31 36 43 45 54 64 73 92
4 2 55 80 93
2 84 96
6 18 24 52 66 80 96
7 4 16 25 51 58 65 94
5 2 19 21 67 88
5 22 69 93 95 97
3 7 30 78
2 47 62
5 29 32 70 77 100
4 56 62 70 71
4 34 39 52 82
5 1 3 4 17 67
2 75 83
4 14 26 43 98
3 33 69 86
4 21 35 36 61
4 5 47 63 96
6 12 37 49 71 76 100
4 28 55 61 81
3 71 74 81
6 32 47 51 79 81 86
6 21 36 44 49 62 100
5 9 18 21 55 99
4 32 34 38 62
5 8 24 29 44 62
1 19
7 14 25 35 50 72 79 99
6 2 14 18 38 59 75
6 3 30 40 54 70 99
3 44 65 100
5 2 11 12 19 53
1 72
8 19 22 38 59 68 81 88 93
8 10 32 34 57 67 79 82 97
7 24 60 68 92 93 96 100
6 41 46 60 64 73 100
7 31 34 47 54 68 79 85
1 39
3 13 36 86
3 74 97 98
4 22 31 45 85
4 13 34 44 50
4 11 27 33 63
5 4 20 49 64 69
3 12 28 70
3 51 63 86
8 22 25 35 44 60 63 69 73
3 59 65 89
3 54 62 68
7 37 44 55 80 82 88 92
3 24 34 85
7 12 13 23 36 81 89 95
5 17 26 39 58 96
6 26 32 34 41 78 97
4 27 37 46 59
3 4 37 94
6 13 28 29 35 83 93
6 2 28 37 50 71 92
6 31 45 76 88 89 97
5 4 33 81 85 94
6 9 17 24 55 76 89
6 26 47 48 58 72 98
6 12 41 74 78 83 88
4 18 48 67 88
4 1 38 54 80
3 11 60 95
6 12 36 48 49 68 100
2 97 100
9 2 20 25 36 39 43 44 57 84
3 9 76 99
7 23 50 59 65 94 96 100
4 24 73 84 92
9 3 7 9 24 34 41 58 91 96
4 17 68 84 94
2 47 96
9 31 34 52 66 74 76 84 90 97
2 27 57
9 17 26 56 62 63 81 83 92 93
8 3 8 17 78 79 85 87 90
6 3 45 56 70 88 90
1 69
3 7 51 69
2 14 48
7 28 43 45 71 75 76 82
5 12 21 40 73 93
8 12 19 24 27 39 75 82 89
3 4 84 91
5 19 20 47 65 100
3 4 6 100
7 4 35 37 50 74 75 85
4 6 72 77 89
5 27 44 59 90 96
3 5 16 34
5 18 42 43 56 67
1 48
4 51 88 90 92
3 45 57 71
6 12 23 28 39 70 98
3 50 64 99
6 5 18 61 72 91 93
3 9 65 74
6 15 29 36 65 87 97
2 51 54
12 15 22 28 38 52 53 54 61 67 70 73 80
7 3 9 61 72 74 77 84
6 23 44 54 66 85 94
3 58 61 71
6 4 6 43 51 63 80
7 4 18 30 32 74 84 90
4 11 29 56 63
5 17 22 56 88 91
6 10 18 27 71 74 97
6 8 53 58 83 86 94
5 18 41 49 72 84
5 70 83 85 88 93
8 4 9 32 36 50 56 83 85
3 12 28 54
4 13 64 88 94
4 32 81 88 100
5 9 20 41 58 79
3 12 24 34
3 44 48 97
4 1 28 53 90
4 38 40 49 56
7 24 65 76 78 82 91 100
8 25 28 31 36 75 82 93 94
7 51 64 71 81 82 88 92
5 25 31 44 51 66
8 11 14 20 21 25 31 42 85
7 27 31 40 49 62 67 73
4 5 15 60 64
10 16 19 37 55 59 66 69 70 78 98
7 2 11 22 50 53 68 83
3 21 43 45
5 4 19 44 61 71
4 12 60 72 73
5 5 16 40 77 81
6 9 23 33 52 68 88
4 61 62 78 82
3 6 86 97
3 35 57 63
6 5 7 22 25 76 92
6 11 41 42 44 93 98
1 49
2 49 100
3 24 39 66
4 39 61 62 68
3 7 15 66
1 48
3 4 6 76
8 10 29 37 50 58 60 61 68
2 37 65
2 11 27
2 27 66
4 4 64 74 89
6 7 31 32 46 71 95
6 33 43 56 71 90 97
5 20 36 71 73 94
7 1 13 20 35 42 87 88
4 7 55 59 73
4 42 64 75 76
6 26 29 31 36 46 66
6 52 63 73 75 81 96
6 18 34 43 56 74 93
6 14 32 35 46 61 64
7 7 28 35 46 54 76 84
8 1 20 23 24 26 68 70 88
4 5 15 71 82
2 52 53
2 67 80
4 33 50 72 85
5 24 30 43 44 59
3 57 74 89
6 10 12 15 19 51 72
6 12 44 53 64 69 83
2 3 7
10 7 21 36 37 61 66 69 86 94 96
5 2 23 61 74 91
2 24 94
4 2 56 82 92
4 24 61 78 87
6 13 15 18 75 91 95
9 20 25 41 44 46 56 93 96 98
7 10 31 32 45 53 72 81
6 35 68 70 71 91 93
4 6 14 25 90
6 60 68 79 80 87 95
10 3 6 11 34 58 71 82 91 97 98
5 26 31 62 87 94
5 2 62 74 78 79
3 45 79 98
6 4 7 34 39 63 100
6 19 31 32 57 77 99
7 8 16 22 25 55 90 92
2 36 95
8 18 41 47 63 67 76 86 96
7 21 29 32 36 44 84 91
8 30 34 40 50 63 69 78 90
8 6 11 30 44 57 61 82 89
4 15 40 75 82
5 12 15 23 28 98
2 16 48
7 13 34 50 51 69 81 87
6 23 35 48 76 79 95
1 96
4 3 43 81 90
3 23 58 95
7 3 33 36 40 55 71 81
6 1 8 10 74 78 86
6 2 22 59 66 77 86
3 45 58 79
5 29 38 49 66 94
5 44 57 60 74 92
1 18
6 14 28 40 47 69 70
7 10 22 23 60 62 67 91
3 9 10 47
6 27 29 45 51 74 89
3 57 59 68
7 4 36 39 62 63 71 72
5 6 29 52 54 60
4 21 47 67 79
7 6 7 23 33 38 53 81
2 23 89
2 43 81
7 10 25 31 78 79 94 95
5 5 33 42 53 98
3 12 54 94
3 16 24 65
7 12 19 46 52 80 88 95
5 19 38 72 82 84
3 23 48 90
4 21 60 85 97
5 7 13 49 88 98
5 1 9 73 82 85
2 52 68
3 38 47 87
5 7 16 65 68 78
2 3 73
7 1 2 30 41 58 66 88
2 5 60
7 14 15 44 45 61 65 87
2 72 82
5 24 50 55 65 78
7 21 40 59 64 71 92 93
5 15 44 75 82 95
10 7 27 31 33 47 63 68 77 80 84
3 41 52 75
3 13 94 99
7 12 13 14 23 31 32 48
5 21 54 82 83 90
7 1 23 29 56 59 65 73
4 6 8 45 95
5 32 42 51 65 85
6 24 39 46 58 59 72
4 4 38 78 80
5 6 33 68 73 90
8 6 19 21 23 24 38 45 99
6 5 6 32 61 68 85
2 22 76
2 37 87
7 13 17 18 19 64 94 98
6 10 15 52 67 76 86
3 42 58 61
3 47 63 75
7 17 53 55 81 85 91 93
7 12 20 64 67 76 82 92
6 6 33 40 45 79 98
7 34 40 41 60 81 85 93
7 5 20 59 62 68 97 100
2 41 73
4 6 20 32 54
6 46 66 71 76 84 94
5 7 35 52 60 95
1 56
8 3 13 21 25 56 70 78 84
5 4 25 34 66 90
5 25 44 62 71 72
6 6 27 42 49 54 84
5 30 31 54 56 71
5 7 12 19 30 87
4 4 12 41 78
7 10 19 20 75 76 83 92
5 4 7 18 23 32
8 26 31 33 61 64 69 71 79
5 24 80 83 94 98
4 3 7 21 92
7 11 50 52 68 72 73 91
4 10 25 67 69
6 2 9 26 50 57 59
4 52 62 78 91
3 3 27 39
5 48 54 76 88 94
6 15 39 59 61 65 67
7 23 24 65 67 76 86 89
3 31 92 93
6 4 19 32 65 81 87
1 46
5 16 23 73 74 94
4 5 30 37 62
3 3 41 79
6 16 17 20 41 50 86
7 5 29 32 52 84 85 99
5 33 47 74 80 83
6 1 13 20 45 56 92
3 21 22 70
6 11 15 18 24 77 78
4 15 30 37 88
7 2 13 14 51 57 60 100
6 2 7 15 25 87 92
2 67 83
4 17 32 36 46
9 4 6 11 23 30 40 71 89 91
2 40 97
7 6 33 53 65 77 81 86
5 10 19 28 70 100
6 12 14 25 44 71 78
5 15 48 86 91 93
6 4 14 32 34 52 95
4 6 11 39 84
4 30 32 99 100
2 21 82
4 20 30 59 98
3 42 47 95
4 13 41 75 79
4 1 8 53 57
5 49 50 56 94 99
3 4 36 64
7 9 39 53 73 89 91 96
4 11 27 56 58
5 16 17 55 79 92
5 2 57 59 79 84
4 69 77 86 91
4 1 29 36 82
5 33 50 59 80 87
2 36 91
3 17 28 81
5 9 65 79 84 97
1 23
4 15 18 57 74
3 13 69 98
3 15 25 94
5 9 21 40 57 68
2 12 90
8 6 18 50 63 85 89 95 96
3 12 48 93
5 27 29 38 39 66
3 29 35 68
5 18 19 40 72 82
3 39 61 65
5 8 10 13 22 35
1 17
6 7 34 63 75 89 96
5 2 32 39 48 66
5 16 58 81 90 96
5 41 61 67 69 99
6 1 21 43 50 85 92
4 10 19 27 52
3 30 36 56
7 8 24 58 61 65 85 87
1 77
2 74 85
5 20 42 77 78 89
8 2 12 50 54 57 65 66 68
4 11 58 71 84
7 25 34 45 49 70 77 78
5 2 56 60 65 93
1 6
8 9 36 37 45 49 51 59 94
3 19 24 64
2 24 78
7 2 37 57 60 64 66 100
4 2 22 24 27
7 42 43 51 61 62 76 77
5 10 47 50 66 71
6 2 7 20 21 66 77
1 40
3 10 56 89
4 63 76 92 94
5 5 19 24 77 99
3 11 19 95
5 32 80 82 96 97
7 4 36 71 72 75 76 87
5 19 22 58 92 99
8 2 12 14 39 45 51 65 72
5 8 27 55 58 65
5 15 55 72 77 80
4 1 27 53 83
9 13 32 42 43 44 54 57 71 91
5 1 3 51 58 93
2 79 88
4 14 28 38 97
3 27 40 66
8 13 33 39 44 70 75 93 96
8 43 50 64 65 70 71 82 97
5 20 61 68 69 98
3 11 78 97
6 2 23 61 70 92 98
6 32 37 47 90 92 94
9 4 16 17 50 55 72 77 80 87
4 3 25 43 74
4 27 48 88 90
6 27 29 36 48 71 74
11 12 14 28 37 40 61 67 73 78 96 97
7 4 9 43 50 57 62 100
3 25 27 97
3 20 57 61
4 26 64 65 71
4 1 24 45 86
5 5 25 74 91 96
1 58
3 40 46 76
4 4 39 40 45
2 11 45
2 45 59
4 41 43 73 90
7 15 19 55 69 80 83 84
5 2 34 69 73 81
2 10 30
8 8 16 35 36 44 50 67 72
5 2 29 37 69 100
11 1 10 11 15 21 24 52 63 70 73 89
7 34 38 65 75 77 78 96
3 33 36 54
2 27 64
5 42 46 59 90 94
5 17 30 47 75 77
5 5 13 25 58 71
8 9 40 41 42 50 53 58 83
6 32 36 44 51 80 97
4 20 91 95 96
7 23 35 57 71 88 96 100
5 25 33 52 53 89
8 3 27 38 43 67 77 83 92
4 14 18 70 93
6 2 14 28 34 89 95
9 7 34 60 64 71 77 85 96 98
3 20 31 85
6 6 8 49 52 58 93
4 16 76 79 99
7 12 25 42 60 73 78 90
4 7 12 50 57
4 15 48 81 98
2 11 37
7 9 18 48 64 68 77 100
5 15 35 58 68 87
4 45 91 94 99
6 17 22 33 42 47 98
4 2 5 27 47
5 25 50 79 87 90
1 1
7 1 10 38 50 65 86 98
5 18 39 42 51 89
3 20 57 73
1 30
2 88 90
3 60 81 100
4 14 26 74 89
10 23 24 25 28 35 63 76 89 97 99
6 18 51 70 87 90 93
9 15 28 29 32 48 50 57 66 87
8 24 41 71 74 76 85 99 100
6 5 44 67 87 89 94
6 7 10 32 48 72 94
4 11 87 95 99
7 46 50 63 76 82 83 92
4 44 53 73 78
6 7 14 21 24 50 87
6 4 67 78 87 89 100
7 19 22 29 37 43 84 93
2 78 98
4 35 45 51 66
4 70 74 85 88
9 4 16 22 28 29 32 42 70 89
8 6 9 22 41 58 86 88 93
4 43 88 89 98
7 37 48 60 68 77 92 97
7 3 43 45 58 59 63 93
7 3 13 45 46 49 84 93
9 8 13 17 58 59 73 81 82 92
2 11 51
4 6 8 12 48
3 3 41 90
3 58 60 70
11 14 17 22 32 33 46 54 55 56 82 94
7 7 24 25 49 80 84 88
6 20 37 65 66 71 83
4 41 46 48 91
8 11 12 15 39 50 56 79 93
6 14 41 70 72 75 82
3 10 92 93
6 6 21 79 81 95 96
7 11 15 24 27 56 76 94
4 10 11 21 65
4 25 57 68 96
4 5 12 15 59
5 5 15 34 46 96
2 30 86
5 51 52 62 73 79
7 28 31 32 37 69 87 96
2 24 42
3 18 36 56
7 3 19 25 38 47 95 97
4 9 20 44 71
5 4 52 58 76 90
8 2 8 15 34 74 75 86 100
3 30 31 93
4 14 32 33 86
4 40 82 84 89
5 1 28 30 32 60
7 11 30 44 53 64 74 78
6 5 25 51 59 81 97
5 20 29 36 47 98
5 2 29 34 56 65
2 56 65
8 9 11 20 25 38 55 65 97
3 16 23 25
3 15 63 77
2 6 41
5 3 26 59 77 95
6 2 9 24 28 31 74
5 8 30 38 46 67
2 4 53
3 34 73 85
6 20 21 23 60 67 75
8 1 37 44 52 63 76 84 87
8 32 39 53 75 77 81 85 96
3 30 74 78
6 1 18 64 65 82 83
4 11 15 40 75
3 42 49 94
5 9 12 14 67 86
2 13 70
9 24 31 40 44 76 79 81 91 95
8 29 31 38 39 56 59 66 91
5 27 42 51 52 89
5 7 16 56 65 96
4 10 14 71 77
4 33 36 82 95
5 5 12 37 55 93
3 14 40 47
5 38 48 58 66 94
4 12 21 43 95
1 48
7 11 17 35 39 46 80 84
1 90
3 61 82 88
7 5 16 42 64 65 79 84
6 8 11 32 64 77 79
3 12 59 71
4 7 40 77 92
4 42 48 72 84
7 32 37 53 56 66 68 85
3 23 48 100
5 13 60 64 72 92
6 10 51 59 62 92 99
4 11 13 20 62
7 5 19 23 35 38 48 74
4 16 69 79 84
7 27 29 60 64 68 76 84
5 18 34 43 81 95
6 18 19 53 57 71 95
6 1 13 14 49 78 82
5 19 66 67 70 91
4 10 17 90 96
4 14 64 80 94
2 26 92
3 7 18 84
8 33 40 55 58 72 92 96 99
4 48 53 54 80
6 2 23 40 56 71 93
5 3 27 81 82 94
4 1 53 71 88
4 11 55 64 65
1 57
3 8 54 80
6 2 19 47 52 87 94
6 9 11 42 57 69 96
5 6 19 28 61 89
9 20 22 45 54 57 66 75 88 95
7 47 53 67 68 76 80 81
4 7 31 52 96
1 87
6 33 38 40 42 79 91
5 7 28 54 67 100
6 1 3 9 51 84 97
6 6 14 25 67 76 82
4 12 36 83 99
4 22 68 86 96
8 12 13 33 67 76 80 97 100
7 4 7 24 50 60 77 80
5 15 27 31 61 98
7 13 46 53 73 76 87 97
4 24 33 66 94
5 4 39 69 81 92
4 56 58 59 66
3 7 44 66
6 20 49 56 71 87 96
9 8 17 38 50 76 79 80 86 88
9 1 8 22 35 43 57 81 90 94
4 7 17 55 56
6 27 49 79 83 93 94
5 5 29 32 87 89
5 13 32 38 70 98
1 77
7 5 18 25 37 60 65 97
6 2 11 33 57 60 90
4 25 87 88 100
2 3 35
4 38 70 73 81
4 33 61 90 98
7 9 58 64 74 77 80 85
7 10 38 48 64 68 74 89
6 7 14 17 30 45 57
4 5 51 52 61
2 6 88
7 7 23 25 30 85 86 90
5 33 72 81 84 95
4 20 37 63 86
4 30 56 58 68
4 10 31 74 87
6 30 43 49 82 83 95
6 7 21 52 59 76 82
4 69 76 98 99
7 4 15 28 62 63 74 75
2 54 80
7 10 24 38 53 80 90 98
9 14 23 33 39 47 54 62 70 100
6 2 36 45 74 75 79
4 10 31 39 98
4 16 44 70 73
3 6 34 52
8 3 34 40 42 70 81 82 97
5 33 48 53 91 94
4 39 60 64 94
5 32 33 51 58 83
5 1 8 10 32 54
6 12 30 47 64 81 100
7 4 7 63 68 81 97 100
2 17 24
6 11 39 41 69 82 87
4 14 59 85 99
6 14 16 33 40 52 77
7 3 5 12 13 56 78 98
11 7 26 47 60 61 77 79 85 87 90 99
7 1 7 19 22 39 50 87
1 12
5 2 18 31 51 89
4 39 41 47 80
5 7 32 69 71 74
5 54 58 62 67 96
3 29 31 83
6 1 2 32 79 87 91
3 29 33 66
5 2 6 27 52 55
4 11 19 43 46
7 5 8 14 26 31 40 79
4 5 8 14 27
4 4 25 37 79
7 3 6 9 33 48 59 83
5 11 19 27 38 41
2 35 80
6 15 21 33 42 44 57
9 5 18 26 29 49 50 53 86 87
4 41 51 56 96
5 32 49 58 81 87
5 17 26 80 82 84
11 7 13 35 46 47 52 54 63 78 82 85
11 1 24 31 42 44 61 67 80 84 85 92
3 33 42 73
5 19 64 74 85 99
8 8 9 51 65 67 73 74 77
9 11 21 24 33 35 82 86 95 98
8 32 34 45 49 53 86 95 98
7 16 42 47 59 63 69 77
5 15 32 38 52 76
3 59 84 95
3 69 94 95
6 3 21 36 54 91 95
4 20 73 79 97
2 25 46
1 100
2 4 25
2 51 69
