1183 1183
13 164 291 398 409 456 466 478 502 520 821 873 1057 1119
13 52 75 98 523 567 588 654 672 742 908 969 982 1109
13 498 503 533 619 627 645 748 847 1036 1059 1099 1113 1168
13 124 234 370 607 626 644 689 759 792 806 815 860 1090
13 53 106 402 430 599 605 676 766 879 961 1072 1110 1128
13 231 361 400 432 469 517 542 545 633 682 1080 1089 1161
13 87 201 448 454 568 583 674 754 842 852 916 1158 1160
13 101 219 315 316 449 592 616 669 686 892 976 999 1147
13 99 108 193 217 435 558 754 787 806 909 993 1052 1087
13 121 227 337 460 542 572 659 695 865 877 1033 1069 1182
13 208 280 289 311 398 500 600 628 714 968 1009 1013 1173
13 208 294 361 454 500 626 640 649 745 788 810 1163 1180
13 7 309 637 674 766 780 785 842 913 921 985 1018 1073
13 86 122 216 355 472 533 552 597 725 769 876 906 939
13 56 150 256 321 322 335 337 366 518 722 771 984 990
13 197 213 438 470 503 571 584 779 903 967 1060 1082 1085
13 151 203 226 309 419 627 629 816 845 893 912 992 1128
13 205 388 404 515 547 658 715 888 928 932 985 1091 1173
13 107 162 262 380 590 597 610 626 740 814 947 976 1088
13 205 329 421 467 518 566 589 644 698 749 755 935 965
13 133 185 292 506 508 534 558 589 594 689 805 819 1079
13 14 65 125 178 234 463 527 621 686 708 989 1116 1158
13 89 160 295 365 439 659 696 697 751 840 1007 1065 1084
13 169 329 371 423 424 573 631 739 741 793 896 926 977
13 165 469 639 646 733 734 791 834 911 987 1049 1092 1170
13 13 29 55 150 381 478 652 694 860 893 904 944 965
13 132 335 348 404 432 443 573 727 799 814 821 903 974
13 9 98 148 194 457 624 697 748 785 797 876 1043 1143
13 36 81 134 288 698 806 860 945 964 977 1008 1108 1117
13 2 133 153 173 471 473 653 864 877 983 999 1036 1068
13 215 293 299 481 581 695 710 717 776 861 883 944 1010
13 25 151 199 371 551 717 773 814 853 854 873 898 1158
13 2 87 344 425 468 617 622 692 801 802 852 1042 1048
13 14 131 196 257 382 391 412 459 476 563 621 847 1140
13 148 197 269 289 443 621 680 774 781 789 819 918 986
13 156 272 516 547 625 685 704 713 836 843 873 959 969
13 32 43 94 273 325 600 604 621 643 688 700 862 1182
13 35 87 263 268 269 329 680 702 791 871 906 973 979
13 55 58 243 363 468 560 775 903 1017 1044 1082 1095 1099
13 12 33 141 451 474 507 525 538 749 809 865 1081 1096
13 291 303 378 439 447 466 540 610 695 705 746 960 1182
13 61 140 183 345 402 492 561 708 954 990 1013 1019 1115
13 201 343 378 548 695 732 745 777 828 910 1048 1102 1118
13 61 89 203 210 314 390 417 523 632 724 1003 1137 1140
13 84 124 191 209 253 275 413 431 460 605 698 921 956
13 30 36 71 424 618 663 668 670 870 922 924 1027 1066
13 106 315 337 414 479 490 536 721 793 880 959 984 1059
13 26 50 281 494 569 572 617 690 697 802 956 1010 1107
13 32 77 255 370 372 413 583 668 680 709 741 1147 1182
13 41 198 283 435 449 517 687 690 745 765 894 1051 1063
13 120 128 210 433 455 485 581 610 683 839 897 1055 1127
13 70 90 448 568 620 623 636 715 768 957 1008 1101 1109
13 9 25 190 207 275 504 802 882 989 1026 1029 1032 1179
13 68 179 189 194 224 549 774 832 840 849 949 1025 1159
13 9 218 256 430 541 581 804 910 927 1012 1067 1118 1173
13 16 89 342 455 577 598 606 715 838 859 908 960 1010
13 30 111 144 184 385 637 848 877 959 1015 1034 1053 1114
13 314 442 459 537 538 563 569 606 812 907 973 1014 1177
13 200 241 323 441 546 574 664 763 869 892 903 1077 1104
13 10 162 204 223 230 396 525 768 822 848 918 1016 1120
13 382 548 598 599 606 838 914 926 982 1019 1063 1076 1145
13 234 237 240 271 285 319 371 502 552 714 770 1000 1062
13 63 169 195 261 306 605 616 862 913 935 1046 1075 1143
13 13 80 106 130 304 420 430 465 665 666 856 859 904
13 126 214 312 508 707 796 800 871 955 976 1088 1094 1123
13 330 374 407 434 489 584 595 614 620 812 857 879 1064
13 86 87 271 338 364 666 721 870 942 981 1003 1075 1080
13 37 48 202 242 257 389 392 411 451 529 631 845 1169
13 78 83 574 642 738 753 899 956 981 1050 1114 1151 1171
13 54 172 276 327 357 453 501 585 688 798 799 1015 1159
13 73 193 246 253 307 379 387 622 654 660 733 941 1074
13 58 69 75 103 128 259 355 437 533 807 985 1047 1181
13 40 43 303 429 482 573 631 673 737 917 987 1034 1140
13 4 350 367 518 535 555 643 956 967 1002 1041 1107 1153
13 23 41 49 125 336 466 542 610 836 850 979 1028 1091
13 77 248 338 370 377 407 440 516 718 754 818 855 1008
13 50 83 171 304 434 464 655 721 746 800 967 1066 1103
13 68 69 97 221 231 339 394 539 572 864 1094 1107 1132
13 61 228 249 263 333 375 483 647 715 888 909 1154 1174
13 71 294 581 634 732 737 747 769 902 994 1005 1124 1174
13 25 126 162 179 218 220 226 328 378 650 726 1049 1094
13 40 57 64 186 247 449 519 735 814 817 1041 1152 1160
13 96 123 285 535 572 707 726 732 749 876 912 940 1077
13 68 115 121 161 302 328 486 732 755 768 811 919 957
13 57 204 392 447 460 491 712 833 843 1013 1065 1171 1180
13 195 301 316 335 389 403 447 455 765 811 935 1058 1060
13 1 42 173 524 572 612 651 663 793 832 1156 1174 1179
13 216 262 268 433 435 484 554 601 709 731 886 927 954
13 80 116 340 420 721 723 814 870 884 922 986 1149 1170
13 120 354 358 359 377 395 438 574 580 1046 1123 1150 1151
13 481 483 494 565 631 693 783 817 854 869 906 988 1029
13 52 80 251 279 424 493 635 637 678 922 1036 1075 1157
13 48 57 316 318 362 503 571 935 976 1019 1033 1106 1137
13 29 97 111 369 394 566 754 787 880 886 898 908 1063
13 265 362 397 651 701 734 778 866 937 938 1085 1091 1102
13 68 179 322 363 414 419 616 778 896 1022 1032 1087 1145
13 24 91 175 179 277 324 477 539 627 680 770 838 858
13 126 225 245 321 472 583 604 702 857 873 896 972 1034
13 131 263 312 354 495 805 920 938 940 1055 1078 1096 1183
13 223 276 290 350 535 538 648 746 909 1083 1087 1116 1157
13 226 384 467 475 550 613 628 771 774 817 977 996 1149
13 471 482 631 635 667 743 813 873 892 991 1050 1139 1175
13 27 148 272 311 319 412 423 462 604 812 850 1038 1128
13 100 216 248 407 451 638 659 671 801 1034 1060 1107 1140
13 186 212 355 374 533 564 631 725 790 850 925 1045 1082
13 77 278 313 347 356 380 499 725 731 735 762 867 1002
13 11 29 123 187 308 338 405 511 596 709 769 1046 1155
13 26 157 184 203 245 272 311 314 556 777 827 830 978
13 44 120 176 217 345 467 490 523 629 771 850 1000 1005
13 23 39 105 268 310 317 400 427 474 483 977 1005 1055
13 6 106 116 201 248 362 377 410 447 498 556 1145 1161
13 89 174 267 499 628 724 768 783 832 996 1145 1149 1165
13 36 160 234 275 491 574 603 615 626 879 1109 1117 1137
13 42 111 135 137 242 313 401 556 706 871 972 993 1119
13 237 298 339 526 557 651 701 739 868 1070 1075 1078 1124
13 13 40 187 258 388 408 665 734 943 966 998 999 1122
13 28 146 220 303 604 711 885 1081 1112 1167 1168 1175 1182
13 57 126 322 458 539 597 599 608 641 808 820 1033 1134
13 115 259 383 576 624 635 642 680 750 772 865 946 1138
13 78 100 529 627 655 664 892 1029 1044 1058 1080 1085 1143
13 75 110 224 238 254 562 565 718 765 848 875 1055 1102
13 48 257 303 320 381 449 553 568 682 788 980 1059 1110
13 151 280 333 366 461 490 496 587 604 619 662 893 1001
13 317 332 401 429 445 446 490 526 764 1073 1079 1100 1180
13 8 167 337 490 632 687 790 793 938 1074 1102 1181 1182
13 43 72 287 289 328 689 726 1038 1047 1084 1096 1134 1138
13 20 105 135 162 191 214 400 542 689 933 936 951 1018
13 56 73 129 144 253 261 333 369 392 445 913 916 1018
13 17 103 155 294 425 440 631 699 842 953 1031 1063 1111
13 35 46 86 192 232 292 504 721 776 803 944 1140 1169
13 15 114 292 562 653 740 838 845 890 937 1038 1081 1128
13 15 19 305 645 660 766 830 854 924 939 956 975 1148
13 18 46 65 133 357 456 540 798 867 941 966 1022 1085
13 83 158 349 375 406 525 529 559 653 731 756 826 1177
13 24 165 195 286 294 314 344 604 654 803 912 1124 1183
13 11 14 247 280 389 547 621 638 808 1001 1052 1098 1129
13 85 94 152 158 272 435 449 563 927 1072 1131 1161 1162
13 21 22 25 124 214 288 356 494 531 646 672 861 1071
13 58 154 326 364 421 715 729 800 956 1006 1096 1102 1167
13 99 115 120 157 165 186 284 465 623 920 1007 1020 1154
13 129 142 223 271 491 499 535 561 571 684 720 722 1040
13 9 343 415 460 551 555 605 670 767 825 901 1092 1097
13 69 112 248 257 440 442 480 562 609 685 798 819 848
13 45 166 182 332 336 456 605 616 667 676 728 994 1038
13 127 257 328 440 508 539 633 736 879 895 981 987 1057
13 24 39 79 170 239 375 459 589 836 923 962 1011 1128
13 13 105 225 448 496 522 582 625 769 849 879 944 1073
13 100 239 242 290 331 414 477 604 649 756 1092 1129 1152
13 38 116 325 546 554 610 686 790 913 978 993 1034 1087
13 44 256 383 450 497 594 632 638 945 947 992 1011 1180
13 52 137 260 351 408 485 495 675 678 801 1126 1140 1148
13 100 143 248 257 258 298 731 781 801 844 881 954 1046
13 150 180 274 334 517 601 698 727 810 835 1039 1112 1127
13 3 243 255 287 345 443 702 817 850 861 960 1006 1035
13 11 54 224 237 279 387 482 507 584 637 714 823 1056
13 33 76 513 578 605 610 623 716 734 780 1018 1041 1053
13 53 76 148 155 164 203 399 725 853 867 957 1011 1066
13 197 209 302 388 431 435 439 445 578 697 846 983 1175
13 54 205 232 260 359 399 460 505 635 661 702 1080 1136
13 31 212 336 452 474 499 554 642 671 676 743 982 1072
13 129 136 411 868 895 997 1077 1092 1120 1130 1143 1147 1159
13 55 129 399 412 438 479 734 755 796 839 927 929 1131
13 16 49 93 121 198 398 511 520 521 699 829 1009 1174
13 257 274 290 374 446 489 604 876 882 933 1131 1158 1179
13 15 37 268 373 403 565 608 701 708 755 825 927 1100
13 102 210 297 299 381 397 462 638 750 805 925 1003 1171
13 6 57 202 208 316 442 469 665 732 828 856 866 901
13 77 155 316 371 414 648 653 775 803 823 913 938 950
13 26 166 244 270 321 346 455 641 666 667 917 1032 1086
13 225 247 293 378 390 491 508 807 826 884 1001 1042 1133
13 7 190 251 374 386 563 632 642 648 703 753 825 844
13 44 187 295 527 571 649 818 837 879 1023 1037 1096 1177
13 3 67 260 276 429 487 547 655 656 664 756 765 1067
13 12 51 91 303 410 667 703 734 789 944 1069 1131 1178
13 49 126 183 247 263 423 428 453 692 854 905 935 1070
13 98 104 142 221 469 486 523 660 708 761 770 845 899
13 310 342 352 462 495 520 633 651 929 974 988 1001 1016
13 176 238 299 314 555 591 606 795 848 855 874 1093 1118
13 32 124 138 211 287 530 639 710 734 831 904 910 1069
13 31 178 246 263 539 543 719 757 761 762 784 1096 1168
13 4 141 499 628 723 811 834 843 895 1028 1096 1148 1181
13 22 34 46 75 602 641 664 905 955 974 1015 1120 1125
13 101 158 202 289 401 489 536 592 717 738 762 970 1124
13 51 159 194 316 417 527 606 891 924 944 967 1061 1105
13 13 34 49 204 262 427 432 597 599 769 778 832 1034
13 39 118 172 249 304 310 489 558 596 770 887 929 944
13 4 12 258 260 295 543 632 664 800 821 828 1037 1128
13 148 237 284 295 320 324 562 577 729 807 857 1001 1022
13 148 155 332 372 386 424 490 554 884 954 991 1051 1109
13 51 366 429 441 503 868 887 934 936 955 1026 1034 1088
13 47 134 141 202 300 399 410 422 611 672 703 850 967
13 79 327 401 444 467 510 514 650 763 890 979 1111 1136
13 19 44 92 292 300 377 411 417 477 893 952 992 1067
13 55 91 126 216 326 437 452 457 509 521 570 580 788
13 33 41 177 329 412 582 785 809 846 848 889 1118 1119
13 27 39 140 280 323 338 540 579 623 864 905 1140 1142
13 215 350 417 472 537 665 687 699 815 849 1029 1068 1134
13 180 248 288 485 494 611 664 699 851 928 952 1032 1079
13 24 119 207 215 346 511 514 519 572 614 885 1139 1162
13 152 188 443 532 555 619 649 735 854 926 1020 1093 1169
13 8 63 330 376 391 548 568 624 730 965 997 1053 1116
13 5 29 73 146 159 595 698 707 792 812 816 925 1086
13 501 645 799 883 902 941 956 997 999 1049 1061 1086 1122
13 59 76 273 339 419 550 719 857 888 954 1106 1138 1173
13 63 230 322 378 385 567 601 668 692 720 732 815 981
13 24 58 168 416 597 701 847 859 1061 1073 1088 1132 1144
13 88 114 410 562 660 662 696 719 785 803 814 928 968
13 7 36 58 101 132 139 155 330 423 662 686 850 1041
13 41 189 245 319 348 653 751 970 1003 1063 1090 1114 1122
13 40 142 258 308 520 533 547 897 914 948 968 1053 1166
13 46 85 216 408 409 518 639 700 793 854 893 1035 1072
13 66 95 419 493 640 709 824 898 910 944 1049 1109 1155
13 44 58 64 75 90 110 142 235 352 442 569 873 1032
13 56 138 305 345 407 464 544 588 801 1029 1159 1167 1170
13 9 18 66 84 122 183 308 400 403 434 1110 1168 1183
13 90 253 277 379 397 633 691 789 799 937 959 1076 1118
13 124 181 235 390 428 492 733 734 754 772 988 1040 1054
13 153 266 291 445 493 655 761 788 823 831 840 1022 1077
13 85 187 215 250 299 507 622 671 804 921 973 1028 1181
13 197 275 316 425 487 631 714 735 797 903 1014 1093 1120
13 49 55 360 362 499 514 529 545 567 835 974 1049 1175
13 206 423 513 539 600 606 696 703 853 957 1031 1035 1172
13 180 223 351 363 437 510 732 773 886 901 993 1074 1129
13 6 124 181 198 232 268 320 327 537 621 779 783 937
13 403 461 485 509 526 626 645 663 754 760 784 863 1148
13 22 53 101 205 222 286 395 410 413 452 554 584 1147
13 15 109 131 171 174 367 520 522 561 796 799 860 1036
13 51 512 630 652 692 704 747 1040 1057 1117 1135 1136 1144
13 94 236 415 468 473 482 636 647 706 718 869 1031 1137
13 17 58 140 193 489 511 680 782 883 899 999 1035 1061
13 49 66 311 435 469 706 743 807 912 980 1043 1106 1113
13 133 228 364 433 508 557 670 720 770 785 815 1013 1099
13 58 135 174 240 245 354 360 518 586 721 935 1061 1141
13 172 274 361 366 381 603 721 850 930 939 971 1049 1133
13 12 21 139 253 470 485 520 804 929 1037 1063 1086 1089
13 216 320 718 932 955 1012 1016 1061 1062 1086 1095 1128 1167
13 395 501 531 540 547 595 670 681 687 783 858 1116 1117
13 47 51 128 205 277 457 833 859 893 923 987 1068 1089
13 37 136 220 517 543 601 728 877 883 942 986 1004 1123
13 36 51 175 215 246 394 456 610 831 1017 1044 1061 1169
13 167 257 262 307 507 511 570 761 900 954 958 971 990
13 106 120 229 383 497 645 669 691 793 904 1074 1089 1095
13 1 32 120 129 304 363 369 655 691 844 1102 1103 1123
13 20 154 228 282 342 360 432 500 594 623 949 957 1064
13 28 88 207 230 257 269 295 406 578 583 711 725 872
13 42 170 173 206 292 314 418 425 585 628 747 789 920
13 21 32 62 290 408 493 544 922 1006 1010 1054 1093 1148
13 367 516 624 634 682 699 745 807 811 915 969 1010 1030
13 2 109 231 241 259 347 356 725 728 757 817 952 1081
13 94 197 241 260 274 317 352 680 797 936 1111 1167 1178
13 45 65 77 315 417 494 615 856 899 1021 1112 1135 1173
13 59 104 264 303 613 622 711 736 792 951 956 1024 1038
13 37 90 247 394 498 537 564 630 658 937 1024 1047 1107
13 38 69 155 173 305 446 477 545 813 823 839 1081 1118
13 276 281 332 353 524 533 659 765 836 854 945 963 1007
13 151 259 369 612 632 656 747 772 789 810 870 969 1172
13 143 214 280 300 301 430 607 667 829 856 894 962 1133
13 6 98 106 118 185 233 427 561 712 793 877 1031 1117
13 35 197 341 443 495 640 669 759 766 810 1005 1021 1163
13 7 15 239 380 570 583 585 753 862 938 943 1031 1161
13 105 129 208 518 530 580 673 684 711 740 873 874 1077
13 80 140 319 349 359 520 650 740 767 945 1054 1090 1172
13 47 125 160 242 246 313 351 578 640 703 980 1117 1168
13 117 373 434 531 568 622 659 668 751 865 1067 1114 1126
13 231 309 371 432 589 721 771 890 932 934 1084 1096 1153
13 94 130 145 315 333 341 476 501 559 670 705 933 1071
13 401 415 463 509 511 795 880 910 921 1027 1101 1114 1133
13 143 177 184 454 492 497 675 808 813 846 907 1058 1143
13 153 222 328 338 375 462 641 722 736 798 865 891 1125
13 113 156 188 335 498 766 841 859 914 946 1052 1065 1130
13 79 163 222 648 701 748 760 856 878 894 961 982 1121
13 32 73 89 146 528 644 686 778 880 897 900 972 1087
13 46 72 134 140 184 193 304 571 674 857 906 1054 1117
13 19 22 30 145 416 492 509 522 611 694 830 978 1107
13 42 122 336 371 394 522 562 661 707 730 849 898 969
13 213 312 415 504 683 726 732 789 796 827 844 894 899
13 213 251 367 548 638 706 754 762 913 1021 1133 1140 1170
13 34 144 209 210 446 595 657 755 816 911 919 940 1002
13 65 118 402 450 502 543 602 619 692 705 809 935 1182
13 80 96 125 157 176 364 365 575 783 845 1073 1083 1131
13 208 352 448 484 564 589 614 655 761 875 902 1008 1105
13 66 128 226 348 470 484 569 638 678 731 741 847 1150
13 19 323 336 502 521 558 636 679 685 902 1030 1066 1109
13 62 65 162 168 338 384 418 768 915 936 989 996 1129
13 136 181 193 217 272 406 476 500 575 836 886 918 980
13 88 93 114 240 362 525 533 616 680 700 781 962 1114
13 220 277 388 396 411 428 455 661 712 819 863 950 1119
13 7 98 142 268 291 321 450 611 785 847 929 1078 1108
13 144 240 282 284 475 480 505 525 526 650 1021 1041 1181
13 2 449 478 524 528 616 666 973 999 1074 1101 1107 1147
13 89 123 149 231 299 312 370 371 639 822 833 911 1126
13 72 85 178 370 500 516 625 649 720 756 829 1051 1124
13 237 242 243 250 255 417 558 661 853 957 1023 1045 1078
13 127 229 252 255 258 362 381 398 483 702 751 882 1164
13 125 170 398 682 686 786 848 869 1081 1093 1112 1162 1166
13 22 238 388 442 498 513 666 748 818 999 1040 1072 1164
13 161 292 366 628 641 706 720 749 858 999 1035 1050 1111
13 77 124 220 240 254 316 448 608 785 837 971 1041 1176
13 45 102 366 385 436 719 841 843 866 947 983 1000 1042
13 12 28 71 180 216 488 528 556 596 756 1078 1116 1134
13 5 53 63 151 171 229 430 671 859 893 925 1058 1120
13 40 133 159 329 389 398 737 812 860 904 1015 1043 1179
13 13 45 48 375 470 577 599 614 628 676 821 952 1162
13 214 341 388 441 560 688 708 767 838 987 1130 1155 1163
13 18 30 118 235 446 457 569 687 804 995 1038 1129 1139
13 73 159 433 483 495 543 818 1005 1031 1059 1071 1147 1150
13 48 107 113 114 250 302 364 669 781 836 842 1023 1164
13 117 156 249 315 343 660 714 717 754 809 826 875 891
13 20 159 245 270 275 331 346 668 777 817 818 979 1024
13 81 153 160 167 225 550 560 797 816 932 955 1022 1122
13 82 156 238 279 388 439 545 605 665 725 739 815 1118
13 53 289 299 563 584 607 683 732 776 857 926 1090 1111
13 11 189 233 531 534 560 683 727 762 870 912 937 1094
13 20 68 223 249 306 337 642 748 801 950 972 1051 1119
13 101 209 249 258 263 313 340 368 382 423 700 773 1077
13 129 405 486 549 619 731 797 977 985 1044 1055 1110 1124
13 69 141 148 163 199 312 323 410 675 680 745 1073 1178
13 106 211 470 538 553 786 807 815 887 1019 1040 1060 1137
13 89 110 177 192 483 548 611 617 625 771 787 986 1136
13 205 212 264 436 465 578 629 679 726 736 902 911 1128
13 40 131 137 164 199 455 568 681 828 835 943 1021 1150
13 39 123 273 329 425 552 570 717 942 981 1027 1029 1054
13 36 37 115 251 297 340 593 779 840 866 950 1072 1154
13 45 54 250 311 391 640 676 722 744 814 1033 1117 1138
13 4 25 48 225 391 397 746 808 965 1032 1059 1094 1108
13 9 166 339 358 389 481 571 672 891 914 919 1064 1069
13 84 200 212 311 369 484 597 618 775 802 829 831 976
13 191 218 303 380 414 442 482 670 778 791 946 1022 1030
13 122 142 192 377 508 524 729 792 838 934 935 957 1017
13 160 178 223 247 278 283 302 389 473 778 1008 1127 1153
13 62 159 349 467 474 489 526 769 910 964 995 1054 1099
13 8 35 42 255 289 402 435 650 694 860 898 994 1127
13 99 144 233 296 322 631 638 643 709 723 725 805 1000
13 29 69 107 201 502 505 609 623 681 795 894 906 936
13 59 182 258 321 364 433 556 620 640 660 728 805 812
13 198 354 402 432 450 496 553 600 662 733 851 974 1119
13 140 301 579 609 615 772 832 953 962 967 968 1010 1153
13 35 54 257 260 270 571 579 644 655 740 791 866 1183
13 8 297 325 434 470 484 556 784 845 851 991 1026 1067
13 175 332 336 446 545 556 638 655 686 836 879 939 1170
13 114 130 229 244 429 455 652 716 717 813 846 852 925
13 84 109 181 336 580 632 781 821 1056 1071 1104 1134 1159
13 52 343 382 420 458 549 572 625 758 868 876 931 950
13 41 73 162 167 220 229 261 283 304 326 781 847 1116
13 44 63 233 322 368 454 458 544 781 825 831 1060 1176
13 274 304 314 321 411 563 580 648 693 797 818 971 1058
13 6 186 352 374 378 516 573 696 761 772 820 980 1077
13 84 459 506 688 713 799 975 1027 1087 1090 1107 1163 1180
13 272 475 534 557 586 616 656 679 828 832 910 922 1030
13 1 39 88 278 381 405 416 576 726 727 1020 1023 1073
13 145 146 151 299 301 404 602 851 874 989 1005 1063 1145
13 30 117 254 345 469 528 609 630 952 997 1009 1074 1151
13 163 181 223 234 457 723 806 825 826 874 958 1171 1172
13 326 491 547 681 702 720 731 829 909 935 1054 1102 1114
13 263 324 332 358 367 568 600 609 611 665 942 1016 1121
13 210 275 276 333 483 560 592 656 699 1028 1035 1155 1175
13 92 190 290 364 452 544 646 663 737 826 827 1065 1180
13 119 190 283 444 473 486 626 657 674 852 919 1095 1149
13 80 305 425 491 622 650 692 696 763 766 992 1028 1084
13 30 43 230 308 540 541 570 595 857 945 1044 1049 1142
13 15 23 141 241 321 535 740 751 792 892 898 1040 1042
13 51 76 195 229 302 361 418 558 656 682 859 994 1004
13 364 402 495 532 602 687 725 814 931 1016 1056 1095 1152
13 165 194 333 379 475 708 750 861 867 899 901 904 1103
13 62 127 151 450 519 608 663 735 751 813 904 922 1012
13 34 53 155 250 318 368 586 794 810 954 1005 1007 1030
13 63 290 300 371 377 393 474 618 834 876 901 974 1105
13 172 206 236 309 346 540 562 611 727 787 826 869 971
13 180 222 343 348 426 456 497 559 723 828 851 919 1079
13 29 184 206 237 276 293 296 519 615 740 749 856 1008
13 93 160 185 191 358 458 602 617 688 907 925 927 1089
13 35 97 153 227 238 276 299 344 475 809 929 1094 1104
13 10 18 166 284 319 392 451 631 640 785 1070 1111 1129
13 4 56 70 270 297 332 490 696 766 834 867 1121 1150
13 17 54 207 246 358 403 428 539 590 811 880 1146 1175
13 19 201 267 354 385 536 538 724 773 934 1014 1042 1128
13 143 147 189 246 276 376 623 707 712 727 852 1078 1130
13 8 12 65 220 413 468 588 677 681 784 801 848 1016
13 104 291 321 331 448 525 636 786 896 970 1025 1075 1126
13 9 13 255 318 395 434 506 606 961 1019 1137 1141 1167
13 100 142 168 193 261 405 408 580 677 782 836 890 961
13 75 146 208 222 409 685 787 797 825 829 959 967 1142
13 163 175 214 288 292 380 393 503 523 831 833 946 987
13 43 169 195 235 382 445 521 548 562 651 794 952 1011
13 6 21 68 452 564 731 734 746 806 822 1021 1111 1135
13 117 350 355 367 410 418 463 510 517 707 711 798 813
13 28 186 265 339 341 402 559 654 663 741 767 1006 1025
13 61 192 275 276 453 542 551 745 764 917 946 1041 1116
13 70 73 130 499 577 581 593 752 912 1023 1091 1129 1132
13 51 58 78 177 365 425 509 820 943 1056 1072 1083 1088
13 63 133 166 205 303 395 404 535 700 710 786 865 1151
13 3 481 548 555 663 672 673 757 892 939 1047 1057 1104
13 67 83 160 184 596 698 712 721 867 1024 1037 1138 1150
13 118 187 337 389 512 571 842 876 887 1022 1061 1101 1183
13 34 69 147 209 253 292 384 533 596 743 1039 1130 1156
13 127 136 270 442 507 607 686 879 881 909 1031 1163 1164
13 9 66 93 213 478 546 633 644 653 738 876 885 1022
13 97 149 196 326 331 553 609 614 942 960 965 1118 1165
13 2 127 193 345 464 542 686 719 922 1017 1036 1082 1118
13 60 188 189 461 491 539 740 768 825 851 1057 1078 1131
13 37 106 140 156 183 196 253 258 267 341 1006 1066 1119
13 54 104 134 138 164 177 466 495 635 907 937 1025 1053
13 109 509 591 635 709 759 798 832 878 921 943 992 1139
13 55 68 163 250 369 393 444 458 534 550 564 724 1016
13 26 56 67 109 128 144 279 314 543 657 730 974 1171
13 110 132 195 206 211 309 379 542 612 617 912 996 1109
13 279 323 370 513 524 585 617 633 669 677 784 857 984
13 34 37 235 260 296 353 564 595 608 713 832 1003 1173
13 110 158 188 284 402 531 616 676 764 820 876 1031 1148
13 74 119 123 203 237 301 393 519 744 747 764 1017 1037
13 15 45 95 279 366 382 478 488 515 658 1063 1142 1176
13 144 208 238 366 482 490 500 613 720 798 951 976 1043
13 259 288 300 311 359 400 559 691 694 728 760 1000 1081
13 98 118 176 307 320 408 668 708 734 790 793 983 1033
13 168 175 200 482 506 627 688 802 825 1000 1043 1137 1159
13 170 261 277 324 515 518 523 544 558 565 566 729 976
13 117 135 152 176 190 418 464 689 707 921 933 1091 1168
13 54 66 213 279 588 672 740 877 885 968 970 1048 1120
13 76 81 201 207 296 383 405 461 587 683 812 998 1062
13 59 265 405 438 574 575 579 690 751 858 878 890 1088
13 54 68 222 350 431 454 471 673 701 719 776 871 1025
13 52 80 389 620 700 796 833 859 943 978 1105 1146 1152
13 105 152 153 251 342 514 639 695 745 786 893 1020 1132
13 20 286 400 541 627 646 755 785 909 947 964 1121 1164
13 64 207 223 291 316 358 432 471 472 591 819 1057 1117
13 104 116 146 196 235 239 463 596 779 972 1050 1174 1181
13 26 78 90 194 447 565 644 676 777 1002 1003 1008 1052
13 180 202 384 475 570 690 719 748 807 884 944 1039 1070
13 6 442 536 619 756 863 970 985 991 1060 1100 1105 1146
13 61 226 359 442 621 624 635 798 825 850 990 1038 1122
13 60 66 424 454 455 583 591 723 824 880 1000 1104 1145
13 47 81 287 291 468 534 552 666 820 977 1011 1080 1091
13 13 194 227 310 536 566 630 666 700 781 849 988 1031
13 234 390 391 477 525 656 677 701 759 774 1007 1121 1177
13 38 87 154 197 215 250 465 472 530 643 680 776 786
13 491 623 746 770 808 815 894 910 967 1042 1123 1161 1180
13 100 129 136 260 436 477 488 566 685 714 743 928 962
13 102 204 243 259 308 418 500 685 802 867 1011 1105 1132
13 23 115 150 344 368 385 682 686 702 750 769 933 1005
13 86 97 171 214 254 297 328 420 588 971 978 985 1045
13 80 343 348 498 700 712 713 761 840 845 958 1024 1085
13 39 48 116 126 128 209 292 536 610 623 624 881 969
13 9 27 293 302 344 361 365 523 567 658 806 1076 1135
13 14 135 254 293 305 356 370 448 607 650 1048 1122 1126
13 13 237 258 353 392 419 532 646 775 835 938 1073 1179
13 19 57 113 197 224 245 449 482 521 609 844 942 1112
13 40 53 110 121 418 614 779 808 903 1036 1074 1106 1120
13 95 117 306 338 461 519 565 578 607 633 726 878 908
13 41 167 236 428 485 612 664 695 930 1031 1032 1100 1154
13 70 99 399 430 549 614 688 773 925 987 1009 1041 1149
13 91 312 372 383 530 534 558 714 816 820 824 1044 1175
13 4 126 134 228 341 422 613 681 822 923 1022 1056 1138
13 229 260 358 543 550 629 694 781 817 894 1089 1092 1139
13 125 289 421 489 549 729 735 784 819 877 955 1100 1120
13 111 285 447 739 764 769 796 823 918 1023 1024 1064 1166
13 47 96 181 359 513 527 665 778 934 968 1108 1125 1172
13 45 231 264 284 318 436 758 796 834 941 1021 1078 1144
13 194 208 460 629 704 809 929 954 1036 1046 1092 1155 1161
13 19 31 162 227 338 415 646 655 747 809 843 1029 1097
13 11 16 297 527 589 696 778 923 1030 1046 1047 1076 1095
13 112 221 424 468 629 654 663 681 753 934 1124 1154 1183
13 56 74 153 179 360 462 488 556 821 932 940 994 1119
13 16 17 21 104 349 462 626 680 684 699 760 803 844
13 304 329 480 513 541 634 737 855 887 928 947 964 1131
13 59 190 233 387 447 485 512 561 617 794 838 866 1106
13 15 43 62 130 232 350 364 459 651 834 886 1098 1178
13 5 98 125 513 554 571 580 726 848 852 918 1049 1169
13 212 400 499 508 509 644 751 762 790 891 1041 1055 1156
13 36 93 203 431 440 478 638 642 675 705 806 902 953
13 50 57 92 215 286 287 347 369 706 910 1025 1028 1182
13 75 206 311 435 532 538 643 675 752 804 917 1085 1146
13 297 353 449 479 498 533 586 722 792 866 906 1168 1177
13 63 105 117 385 467 512 560 594 611 1057 1150 1152 1164
13 76 129 147 155 282 317 481 661 764 854 874 898 1005
13 33 81 169 393 433 511 592 601 748 833 982 1015 1019
13 10 136 300 337 358 460 538 545 566 687 899 1002 1171
13 38 114 387 409 422 459 472 577 620 632 684 791 1132
13 52 144 307 319 728 757 767 808 836 868 933 1036 1045
13 58 162 196 265 399 421 544 693 695 809 930 1149 1160
13 123 231 306 324 378 386 421 554 868 1014 1038 1153 1166
13 32 65 85 189 270 294 520 601 629 668 727 762 1011
13 159 362 543 583 588 677 786 813 837 871 888 906 927
13 241 247 269 399 698 757 772 823 973 1028 1122 1150 1159
13 83 198 200 340 576 618 738 748 905 1110 1113 1170 1175
13 42 48 69 126 303 422 524 551 618 737 808 874 1124
13 13 107 174 210 419 428 543 566 844 888 1004 1019 1059
13 27 32 101 158 661 756 763 782 798 908 930 992 1156
13 41 146 244 277 396 407 510 528 535 553 577 661 776
13 111 205 295 329 334 651 668 703 742 780 981 1060 1176
13 2 125 278 320 389 438 574 739 758 851 903 941 1084
13 38 44 88 326 464 582 839 988 1039 1054 1071 1109 1167
13 59 208 261 323 355 506 522 603 610 641 657 796 840
13 14 221 302 371 581 645 796 831 930 992 1050 1118 1151
13 73 91 233 259 274 452 510 720 808 838 910 1082 1116
13 6 346 519 579 618 641 661 738 803 858 859 984 1014
13 160 166 387 403 420 515 522 731 883 896 951 998 1033
13 19 224 227 235 263 283 712 877 900 1025 1061 1098 1157
13 463 611 675 700 706 741 767 801 934 938 991 1045 1076
13 86 248 298 309 366 386 423 529 531 739 832 1032 1074
13 126 205 249 275 347 383 598 613 651 685 701 763 792
13 46 268 360 638 700 889 896 919 1051 1057 1067 1106 1180
13 49 56 147 163 325 419 567 675 690 918 1009 1075 1092
13 7 90 151 359 559 582 809 857 862 926 986 1142 1159
13 178 215 229 241 289 380 384 521 615 763 785 799 929
13 27 315 361 385 415 448 708 745 751 814 849 966 1092
13 2 30 61 63 77 149 247 386 410 473 526 758 930
13 135 176 200 241 243 413 468 591 620 653 746 830 931
13 52 169 279 331 361 489 519 625 733 845 1066 1103 1147
13 292 379 451 557 658 674 867 882 936 955 1061 1082 1115
13 52 267 368 418 577 624 703 713 835 884 968 1047 1082
13 4 62 99 116 337 489 620 626 872 875 1048 1143 1155
13 20 40 70 449 472 746 827 915 920 954 974 984 1019
13 107 128 137 141 189 257 406 554 591 621 971 1067 1148
13 389 513 517 550 568 615 822 907 912 963 1000 1043 1114
13 28 66 95 373 444 448 494 588 659 770 920 940 1126
13 121 186 192 353 393 418 499 506 599 621 782 885 949
13 1 302 307 357 439 441 496 594 796 978 1023 1043 1152
13 81 82 115 134 145 243 310 422 523 563 930 972 1057
13 136 145 194 223 242 329 480 502 509 821 1024 1035 1072
13 59 64 178 274 340 398 424 540 552 556 958 1080 1125
13 171 199 333 344 460 558 570 627 692 986 1034 1068 1126
13 4 123 201 334 351 459 782 846 911 998 1088 1105 1157
13 173 212 317 354 522 581 590 694 789 885 888 921 1123
13 24 67 118 138 215 283 332 558 648 670 715 889 1026
13 165 215 222 256 391 514 604 615 878 1009 1071 1097 1153
13 149 228 290 404 457 548 606 698 735 773 940 968 1045
13 133 317 323 348 369 415 451 463 946 962 975 1027 1119
13 97 185 189 195 213 251 312 529 828 918 1051 1098 1118
13 23 129 168 235 295 391 510 603 617 652 1114 1156 1177
13 17 31 173 575 733 813 867 945 1012 1047 1066 1073 1116
13 23 122 202 258 414 433 434 492 634 1083 1098 1176 1178
13 36 127 184 291 352 384 415 416 565 1027 1056 1069 1089
13 102 168 211 245 328 470 560 732 891 970 1017 1043 1113
13 85 124 298 365 444 480 494 580 634 762 890 988 1159
13 109 160 163 245 330 484 541 615 618 871 925 940 956
13 77 132 182 293 331 343 450 740 752 852 929 1145 1146
13 90 211 328 452 537 619 696 775 889 941 1003 1112 1115
13 64 191 254 286 361 383 461 523 583 619 693 773 1085
13 42 108 131 157 377 400 594 673 691 755 797 1018 1165
13 5 23 171 250 256 477 493 512 629 781 957 1028 1110
13 18 62 108 230 248 446 472 513 515 784 863 961 1069
13 574 596 619 628 718 727 767 788 927 975 1000 1099 1121
13 16 46 71 163 305 526 572 780 871 1008 1125 1132 1152
13 18 46 129 216 241 360 474 489 530 604 634 711 1102
13 12 97 102 355 485 516 535 667 999 1023 1079 1105 1171
13 50 72 219 273 349 501 778 799 984 1062 1073 1083 1135
13 26 120 127 185 239 317 406 637 907 914 930 1175 1178
13 1 153 357 430 481 514 519 532 661 858 984 1009 1153
13 172 259 263 350 375 572 641 780 795 947 1042 1115 1172
13 111 227 474 486 574 582 602 878 887 899 948 974 1088
13 7 19 128 149 240 298 371 405 424 730 742 1147 1162
13 3 307 464 487 494 509 820 986 1008 1090 1136 1141 1172
13 33 199 204 217 298 305 556 568 734 900 1013 1125 1148
13 232 242 265 351 379 396 768 824 931 960 1093 1130 1159
13 160 325 363 488 598 685 718 739 920 1033 1064 1149 1168
13 152 185 326 340 563 673 732 768 814 920 947 1087 1109
13 22 66 154 326 329 333 561 564 639 660 807 1078 1133
13 170 285 301 363 490 660 829 862 887 1058 1070 1120 1151
13 41 58 111 128 196 372 416 492 687 849 887 933 1162
13 6 42 331 356 552 590 836 875 896 990 1084 1142 1164
13 32 59 213 340 386 390 403 539 542 575 752 860 949
13 8 193 214 271 316 497 673 752 836 908 995 1015 1091
13 88 174 222 292 439 573 597 602 772 776 1079 1114 1165
13 47 70 97 133 179 218 263 373 487 542 546 594 914
13 17 23 114 167 439 451 526 565 871 1008 1023 1136 1160
13 43 139 181 319 330 347 436 586 642 753 782 889 914
13 15 18 108 158 246 272 626 672 741 742 882 1121 1164
13 16 27 28 56 72 253 391 568 590 711 950 996 1155
13 237 271 342 376 620 707 759 786 908 1038 1064 1069 1149
13 193 296 301 345 670 729 767 900 979 1000 1097 1157 1161
13 26 77 130 131 152 250 256 361 406 454 718 1153 1179
13 2 18 199 218 352 398 516 535 570 716 835 963 1098
13 34 323 331 348 394 417 485 515 611 712 736 1121 1158
13 41 99 107 127 180 209 233 327 505 506 613 782 966
13 225 329 434 575 584 645 670 678 715 946 962 991 1150
13 35 89 122 233 313 443 642 723 752 981 1024 1042 1060
13 164 261 391 412 557 576 670 725 769 855 878 1057 1064
13 84 196 259 272 300 493 562 628 713 740 909 1017 1135
13 34 68 97 192 349 360 368 612 641 738 835 973 1169
13 215 335 337 425 659 696 708 861 896 913 1046 1098 1157
13 228 373 403 486 510 562 603 715 737 964 1069 1151 1158
13 22 137 181 248 404 455 505 728 841 864 932 1020 1144
13 67 190 285 327 381 426 858 882 958 960 1021 1039 1160
13 11 44 220 322 391 498 608 825 837 853 987 1107 1114
13 31 63 88 121 195 462 664 668 787 909 941 990 1115
13 113 123 308 330 481 580 645 694 793 870 965 973 1167
13 127 324 421 474 523 690 795 827 853 952 1068 1093 1103
13 161 203 353 374 389 400 544 651 685 776 839 889 1168
13 51 146 211 310 338 347 393 443 587 640 666 971 1183
13 3 90 121 261 278 367 368 413 551 603 618 1029 1119
13 126 186 189 222 328 376 440 463 548 717 1004 1030 1047
13 112 229 297 376 388 436 484 589 714 1106 1141 1144 1172
13 33 160 169 194 252 384 496 542 869 1051 1118 1137 1158
13 1 59 170 367 383 702 748 770 772 876 967 1010 1106
13 27 201 397 438 618 620 669 704 780 807 853 934 1024
13 40 148 226 301 438 506 522 782 861 1004 1016 1052 1144
13 42 352 367 380 409 480 514 679 762 804 817 906 1063
13 219 295 327 401 483 570 665 679 685 889 951 998 1163
13 72 141 143 199 219 252 376 434 501 764 812 943 965
13 35 100 214 264 291 315 541 743 861 964 968 992 1141
13 121 186 205 252 482 495 553 695 747 780 830 929 1171
13 11 42 60 117 142 147 174 216 279 281 601 738 1007
13 66 327 339 411 475 544 546 861 871 1014 1051 1064 1179
13 113 134 251 374 469 495 603 660 681 997 1065 1107 1155
13 145 161 219 229 269 308 588 627 654 742 870 883 1068
13 63 100 165 411 423 430 640 801 949 1013 1026 1096 1164
13 74 200 247 315 564 607 862 863 890 912 942 978 1012
13 201 256 341 347 445 565 572 580 670 830 864 898 1079
13 200 223 231 266 402 469 509 571 771 907 973 977 1183
13 84 117 150 187 266 334 403 444 539 703 865 998 1021
13 67 204 330 399 435 439 585 601 627 963 1024 1084 1158
13 19 209 254 528 551 624 666 818 915 940 994 1001 1099
13 69 152 261 304 311 321 480 768 794 906 931 1078 1131
13 38 109 113 288 420 505 539 637 679 744 755 1121 1154
13 184 198 295 306 635 639 647 809 881 934 1057 1062 1162
13 118 228 306 348 415 516 574 652 657 728 758 760 949
13 104 145 305 493 529 552 613 823 880 991 998 1150 1162
13 64 71 85 283 357 469 641 925 944 946 1052 1056 1117
13 15 73 192 267 381 480 573 614 895 1113 1120 1133 1166
13 348 429 467 484 505 609 615 685 708 718 772 791 932
13 19 137 345 387 395 527 587 667 839 904 913 984 1018
13 43 252 286 403 407 409 458 554 674 697 807 816 972
13 134 365 533 634 677 761 770 837 839 930 976 1106 1117
13 25 171 211 216 238 372 515 547 672 675 885 915 1147
13 33 226 243 290 359 502 599 611 700 811 833 906 924
13 137 139 149 170 240 293 390 582 863 880 932 1160 1161
13 7 171 256 285 393 486 548 590 926 938 969 1080 1167
13 26 92 175 261 282 436 729 749 769 890 893 898 1053
13 49 344 377 394 412 532 582 594 654 719 904 1072 1105
13 52 219 469 625 742 758 844 871 1009 1065 1127 1157 1183
13 80 145 312 419 497 537 638 664 732 878 956 962 1085
13 498 595 596 632 657 760 798 845 869 965 1068 1082 1123
13 106 125 200 277 402 484 630 693 740 1042 1068 1084 1110
13 60 124 166 182 366 408 517 599 695 805 816 989 1148
13 52 191 251 266 534 805 825 834 947 979 1029 1130 1180
13 43 83 118 120 179 200 286 375 386 413 458 774 914
13 64 208 213 244 297 336 344 466 480 659 828 872 1051
13 82 168 210 260 384 455 561 782 863 884 971 1092 1128
13 43 45 150 167 319 340 368 479 525 526 616 621 959
13 2 132 157 256 447 492 510 632 682 699 813 917 1112
13 259 287 362 393 420 474 481 669 760 844 897 1007 1050
13 2 278 373 380 440 532 606 644 657 875 944 1095 1105
13 27 93 102 103 242 378 624 693 875 938 1048 1142 1181
13 54 64 155 372 381 390 409 530 582 757 890 1009 1147
13 81 135 177 380 475 633 796 817 893 1062 1075 1115 1163
13 188 356 357 378 414 452 757 826 841 921 1067 1153 1172
13 20 85 141 197 224 271 331 584 653 729 997 1140 1181
13 110 120 458 564 694 714 789 813 852 895 907 1033 1116
13 10 64 283 299 473 530 647 756 802 874 1002 1105 1122
13 74 168 398 462 552 697 776 805 888 910 1044 1094 1097
13 33 38 133 242 313 387 390 474 500 600 647 983 1090
13 39 67 120 349 370 405 842 868 870 947 1066 1151 1175
13 206 354 395 456 635 667 675 792 1116 1122 1133 1138 1179
13 200 329 342 409 573 750 774 950 999 1011 1027 1044 1065
13 12 33 51 68 153 258 355 687 710 739 765 815 1074
13 105 231 370 399 426 506 531 805 835 918 926 1035 1065
13 20 106 116 209 302 326 335 370 531 678 1045 1060 1062
13 55 290 444 485 501 502 576 658 783 828 939 985 1015
13 18 321 391 437 607 728 788 963 1027 1034 1048 1076 1100
13 33 172 217 507 553 619 686 756 793 879 889 1086 1103
13 86 172 245 247 251 683 744 788 831 884 898 905 1059
13 426 436 441 457 532 549 667 683 721 757 917 953 1030
13 75 122 272 303 355 416 448 551 559 622 718 783 890
13 2 288 450 510 613 658 692 723 832 856 923 967 1096
13 57 119 179 210 254 482 780 806 875 942 1005 1086 1176
13 24 80 157 602 620 692 696 700 708 751 859 961 1018
13 17 78 92 258 319 461 525 529 647 803 942 1106 1154
13 94 151 194 284 426 434 541 656 671 907 1067 1126 1179
13 207 327 395 608 692 776 784 794 827 828 858 916 1049
13 29 95 101 102 249 265 373 476 596 600 626 886 1097
13 73 150 159 335 447 513 600 674 679 887 1093 1112 1120
13 124 148 171 289 398 453 750 813 874 987 1030 1108 1150
13 25 26 109 340 379 538 649 673 699 902 951 1123 1138
13 84 365 412 458 497 503 609 794 902 944 1065 1089 1136
13 82 91 96 225 253 430 450 522 569 703 839 841 1053
13 60 166 427 594 600 602 626 694 704 736 923 1087 1095
13 17 28 115 147 197 400 416 424 466 593 996 1014 1178
13 94 168 230 264 359 515 704 705 748 1026 1084 1136 1139
13 131 184 225 277 368 401 422 636 644 963 998 1125 1174
13 17 70 209 296 322 403 501 511 562 573 858 864 924
13 333 449 468 482 488 513 682 704 729 827 942 1059 1103
13 58 83 381 440 468 512 566 591 800 810 884 1018 1079
13 95 214 341 353 502 516 609 628 649 702 760 889 1176
13 55 71 244 273 335 354 468 618 735 934 1009 1093 1127
13 66 206 446 505 532 561 691 716 879 1044 1058 1071 1143
13 153 180 235 286 293 397 448 502 698 760 842 965 1144
13 14 44 96 142 164 173 186 465 478 617 683 1017 1151
13 21 40 203 311 343 357 445 558 657 895 983 984 990
13 89 294 363 442 470 509 775 786 791 838 852 1166 1169
13 46 110 177 178 207 371 427 437 592 615 649 731 1023
13 3 131 135 149 208 336 396 555 608 677 820 1042 1069
13 129 180 185 240 276 326 334 465 742 855 955 995 1131
13 17 168 181 212 285 334 612 870 973 982 999 1070 1130
13 29 95 220 382 394 429 508 512 566 627 709 728 822
13 74 355 397 413 583 592 635 711 717 834 928 932 1102
13 11 110 160 199 210 220 286 468 528 801 883 929 1068
13 366 397 413 421 488 662 678 744 773 793 921 930 1087
13 38 113 142 268 419 559 671 840 841 1095 1099 1142 1174
13 36 80 175 342 409 598 619 782 809 916 937 971 1112
13 19 103 173 445 449 563 800 907 952 1026 1065 1077 1130
13 108 206 233 239 252 272 708 816 819 856 942 1014 1065
13 72 221 269 273 326 393 439 482 553 709 810 943 949
13 74 148 156 187 343 376 438 765 767 886 894 981 1046
13 3 14 120 156 338 376 429 994 1006 1016 1037 1050 1171
13 21 45 57 92 140 293 578 589 601 906 959 966 988
13 138 176 244 432 471 498 533 591 689 972 995 1155 1171
13 23 105 135 158 253 270 433 617 654 663 668 1158 1177
13 69 132 178 202 204 226 228 325 345 404 649 866 977
13 88 109 139 351 372 394 421 627 860 918 1013 1037 1067
13 17 20 149 182 237 613 667 743 928 989 1048 1100 1139
13 202 297 373 488 563 671 699 715 746 759 826 1139 1169
13 40 203 249 255 385 463 520 563 786 915 928 946 1146
13 30 158 283 345 412 431 781 897 916 945 948 973 1041
13 37 61 298 330 521 528 541 549 635 823 884 1099 1163
13 74 168 414 486 582 684 800 819 821 1017 1031 1046 1053
13 147 233 254 310 317 400 478 492 557 630 927 965 1015
13 1 67 84 167 236 472 573 873 913 924 1052 1084 1085
13 47 82 99 179 191 284 444 529 630 643 730 750 940
13 11 26 209 210 388 449 480 514 787 982 1076 1144 1157
13 36 320 436 560 603 625 645 719 804 895 941 1047 1156
13 5 25 44 273 377 799 867 885 900 968 1020 1100 1182
13 48 124 185 239 264 275 343 536 592 662 664 831 860
13 201 279 282 315 327 412 467 676 928 1023 1055 1133 1164
13 37 156 166 175 227 342 344 387 587 775 880 951 1004
13 116 161 281 313 639 750 779 833 851 922 936 1064 1183
13 45 60 281 322 340 411 471 500 690 821 905 1006 1139
13 107 186 202 207 248 287 309 379 428 573 681 954 1138
13 99 330 348 443 553 559 715 752 819 830 1025 1074 1151
13 138 330 339 375 464 532 550 646 657 687 707 843 962
13 17 180 391 410 489 511 590 647 710 766 931 1050 1173
13 35 87 88 105 114 187 211 353 365 499 764 787 1079
13 10 90 298 518 555 669 681 822 848 980 983 988 1115
13 139 526 575 608 777 815 837 880 919 924 968 1006 1051
13 274 365 374 503 565 628 723 884 888 1042 1115 1121 1125
13 113 218 281 294 310 387 497 652 664 855 969 1002 1041
13 55 155 159 485 493 497 531 557 716 922 996 1063 1154
13 98 236 251 433 676 677 773 792 885 948 1116 1133 1148
13 13 235 306 356 662 702 710 793 820 839 851 1092 1156
13 125 133 139 145 180 300 747 756 771 777 1075 1083 1153
13 4 47 217 321 346 420 536 720 737 869 987 1093 1121
13 223 230 264 266 284 356 719 843 859 958 996 1012 1144
13 8 48 61 168 219 221 404 506 1055 1066 1083 1089 1122
13 38 53 62 65 97 125 461 518 553 594 607 657 795
13 267 416 521 571 724 783 810 908 1018 1020 1054 1068 1123
13 131 170 284 313 346 406 457 755 820 843 924 977 986
13 7 74 154 195 295 360 660 667 888 923 995 1091 1159
13 34 313 325 464 555 742 743 899 1007 1114 1126 1129 1170
13 172 508 517 531 736 764 827 919 1010 1059 1072 1118 1167
13 162 301 386 464 534 545 684 801 858 864 949 1063 1098
13 271 483 486 506 516 660 707 720 739 869 891 984 1005
13 90 173 298 363 452 557 601 737 771 897 953 960 1081
13 87 182 259 269 332 335 376 386 487 620 825 835 1170
13 29 95 114 212 265 766 797 839 855 869 983 1016 1101
13 121 421 598 669 674 676 761 794 844 882 1126 1164 1177
13 34 82 173 178 185 464 500 612 763 833 993 1062 1103
13 140 253 307 310 399 574 590 672 689 800 1020 1023 1070
13 103 175 206 207 459 467 636 652 735 802 971 1127 1173
13 158 227 250 266 576 581 629 682 722 766 896 1100 1136
13 204 210 280 458 470 663 722 773 864 882 975 1010 1138
13 38 110 146 267 328 490 511 579 609 829 894 1005 1077
13 111 289 308 384 489 520 596 628 634 710 869 953 989
13 27 103 164 213 219 456 479 518 523 678 697 800 1155
13 119 183 298 347 389 393 448 599 618 645 659 727 1040
13 83 118 169 450 640 726 826 897 898 939 983 1066 1182
13 55 317 367 471 552 598 610 659 662 677 780 904 1077
13 45 75 92 174 331 342 521 546 754 819 939 975 1091
13 147 182 209 324 335 374 488 631 669 887 923 993 1127
13 16 188 353 377 440 527 537 711 767 914 922 981 1125
13 72 305 334 362 431 438 566 679 703 829 900 958 997
13 18 24 84 121 275 317 504 662 777 897 983 1045 1097
13 14 112 128 154 195 196 282 351 407 408 714 1045 1139
13 60 245 395 684 691 840 998 999 1012 1069 1090 1094 1163
13 199 289 481 517 542 565 775 782 836 882 908 1117 1165
13 181 217 232 612 629 649 774 791 875 1087 1153 1160 1179
13 323 450 487 525 652 666 701 702 817 987 1017 1035 1106
13 140 411 433 581 587 642 667 730 779 970 974 997 1135
13 47 163 246 322 332 447 526 584 659 697 811 834 1048
13 336 369 390 398 555 594 716 738 787 854 872 912 917
13 25 250 280 453 455 496 542 645 678 792 855 977 1007
13 206 353 533 541 576 581 636 792 918 926 964 1006 1125
13 92 95 98 270 454 472 841 892 1001 1056 1086 1112 1160
13 93 291 325 483 487 519 790 791 859 936 947 953 1160
13 27 360 413 436 473 555 559 598 806 917 948 978 1093
13 10 87 94 97 116 150 278 324 415 651 853 872 920
13 282 442 456 461 470 741 772 788 841 877 916 924 979
13 218 268 283 505 575 612 690 750 824 953 1105 1115 1158
13 6 57 81 102 285 481 520 564 698 986 994 1101 1180
13 121 182 492 852 860 936 943 986 1029 1039 1110 1112 1123
13 119 373 507 594 607 629 652 677 681 700 951 1094 1138
13 1 108 117 446 616 810 851 941 945 1006 1092 1115 1141
13 7 313 362 514 566 818 829 889 973 980 981 1086 1136
13 3 53 76 161 234 351 352 462 656 688 957 1087 1165
13 8 15 70 159 178 264 369 612 661 917 950 958 1142
13 5 31 285 379 433 592 601 652 673 684 725 989 1148
13 96 217 330 382 538 551 566 702 828 921 935 1132 1173
13 41 184 293 355 451 465 687 744 785 885 1000 1004 1115
13 274 303 340 359 422 718 720 796 850 866 903 926 1035
13 5 23 475 484 502 537 689 777 821 916 945 969 1080
13 111 187 210 394 422 501 583 586 599 600 634 826 853
13 58 260 262 288 346 501 504 601 774 920 930 945 979
13 5 87 165 424 445 585 604 632 650 710 901 903 972
13 180 396 404 487 495 518 519 698 738 778 840 938 1015
13 144 213 256 333 392 417 476 479 480 514 585 738 887
13 61 139 183 217 298 437 498 878 948 964 1088 1109 1161
13 87 136 202 254 533 741 752 823 833 886 1030 1039 1145
13 160 177 188 267 481 557 572 706 787 896 988 1028 1090
13 182 270 404 411 439 515 701 760 765 1044 1052 1058 1070
13 16 91 281 310 486 492 750 770 919 941 962 979 1134
13 22 266 418 452 461 561 723 827 831 978 1064 1117 1134
13 95 110 264 296 469 620 691 692 724 764 868 1055 1145
13 93 175 217 230 304 308 373 478 605 699 765 795 1048
13 43 204 304 313 350 431 471 693 865 930 936 1006 1024
13 15 79 89 195 271 314 363 650 923 929 992 1107 1144
13 11 147 185 351 388 444 445 549 786 870 872 902 1054
13 19 257 369 497 634 752 763 981 988 1056 1063 1090 1106
13 158 449 474 514 541 585 591 636 722 852 944 1108 1158
13 20 39 100 181 212 227 262 459 510 688 755 926 964
13 82 92 156 330 383 408 568 637 682 737 873 1089 1181
13 303 318 327 374 386 398 536 624 900 911 973 1070 1135
13 48 51 151 363 542 652 759 851 969 988 1004 1050 1094
13 20 37 145 286 350 360 433 514 587 646 790 799 1157
13 30 59 80 241 243 530 550 636 644 686 710 914 1179
13 169 179 190 224 374 452 462 545 561 648 696 741 1024
13 24 62 218 290 309 311 372 527 545 724 739 908 1045
13 73 79 102 255 375 630 705 706 941 954 1129 1143 1156
13 87 193 209 687 733 785 798 802 953 976 1033 1052 1164
13 318 320 357 468 549 643 688 733 828 909 990 1010 1165
13 33 70 113 242 288 434 515 573 633 816 902 1043 1068
13 156 247 273 304 337 463 744 855 897 903 932 1065 1157
13 12 59 170 175 347 443 492 546 852 874 901 1036 1072
13 101 174 356 388 415 616 756 802 869 917 946 950 974
13 117 212 252 300 349 363 379 405 465 496 588 608 1122
13 21 56 188 198 212 539 650 665 747 970 971 1104 1108
13 59 148 403 498 574 688 761 770 866 959 1012 1070 1176
13 4 47 128 280 401 544 640 682 730 753 767 820 889
13 72 97 234 243 396 405 693 826 887 911 916 927 1001
13 226 261 336 376 408 622 626 644 819 966 1051 1076 1104
13 83 295 358 365 407 466 585 678 848 971 990 993 1103
13 280 297 331 353 516 577 643 789 867 886 966 972 1064
13 25 42 273 282 419 524 550 656 684 843 1037 1078 1085
13 222 339 363 373 456 466 599 641 645 694 703 991 1129
13 42 69 184 398 407 482 747 774 822 985 989 1043 1146
13 158 216 223 438 557 567 667 736 881 967 1054 1120 1143
13 258 320 356 475 507 625 742 774 819 1012 1097 1131 1144
13 11 45 74 167 467 522 528 552 736 857 870 975 1049
13 183 283 420 504 598 719 753 770 874 1060 1092 1130 1168
13 190 200 254 332 427 443 661 788 928 983 984 1006 1054
13 87 165 427 514 583 591 629 630 779 807 979 1012 1084
13 60 79 81 204 268 269 564 861 959 1015 1045 1126 1131
13 108 234 285 308 347 375 473 524 788 809 1013 1053 1062
13 111 227 280 469 474 584 589 630 711 774 1039 1108 1127
13 108 143 370 441 547 614 828 936 1033 1037 1071 1081 1162
13 21 86 111 115 234 382 416 420 479 690 1040 1102 1181
13 87 104 137 245 305 409 593 693 821 868 984 1068 1108
13 60 63 136 166 232 256 347 440 477 534 637 1095 1166
13 112 197 206 230 380 575 681 694 936 1004 1139 1150 1183
13 76 154 282 305 378 419 426 463 483 616 743 807 830
13 91 172 175 176 229 424 454 524 612 665 824 863 992
13 99 141 162 164 252 506 540 589 603 625 834 988 1174
13 3 191 296 546 575 632 707 751 892 893 895 911 965
13 232 426 499 517 529 655 716 733 821 839 1097 1107 1142
13 71 352 360 444 641 713 855 932 1006 1015 1037 1085 1165
13 47 252 274 279 402 646 760 771 780 802 863 1000 1113
13 10 200 328 569 577 726 738 759 814 891 985 1032 1132
13 70 228 263 277 686 731 866 889 1021 1070 1107 1168 1178
13 180 298 423 479 531 538 579 764 770 813 862 997 1013
13 165 291 400 534 595 689 692 694 713 859 965 1003 1061
13 183 187 191 294 345 380 570 741 961 998 1033 1046 1170
13 55 144 251 339 505 585 587 733 750 804 875 940 1020
13 102 190 287 425 464 486 534 602 663 877 1025 1042 1086
13 6 31 164 327 381 396 455 521 556 647 782 829 902
13 50 60 99 161 232 243 471 530 577 597 676 868 1101
13 13 38 182 193 292 296 578 592 691 752 861 970 975
13 18 76 147 154 226 289 475 705 772 845 899 947 992
13 441 512 544 570 597 691 716 723 759 872 1013 1014 1099
13 113 116 165 265 475 488 684 721 746 865 899 981 995
13 18 82 108 443 476 491 551 892 1013 1045 1100 1102 1141
13 91 132 192 211 281 309 496 784 904 1013 1053 1056 1095
13 174 219 341 372 416 421 574 593 619 626 663 916 1088
13 99 134 309 314 335 379 476 529 824 855 931 996 1161
13 84 170 307 372 453 494 567 713 723 754 847 906 1024
13 64 68 98 212 278 323 443 590 839 854 934 1001 1049
13 79 96 174 416 432 541 748 768 780 883 903 1078 1116
13 140 153 165 264 302 337 473 582 636 744 842 953 1169
13 45 72 93 114 202 239 397 738 817 894 936 1149 1165
13 12 78 197 230 671 754 764 822 856 1128 1135 1166 1180
13 60 118 293 444 476 488 584 623 865 940 954 1022 1126
13 55 310 317 365 527 530 590 736 818 838 867 945 1055
13 83 106 191 232 311 512 528 591 689 777 867 931 1174
13 262 414 463 513 541 575 586 749 853 870 989 1056 1137
13 92 255 431 465 495 608 633 775 803 882 1014 1076 1137
13 48 53 98 383 437 490 597 605 747 797 878 920 1178
13 1 57 127 346 426 511 793 868 904 937 1001 1110 1130
13 102 146 227 237 245 281 332 466 536 765 841 1160 1161
13 82 204 252 315 385 421 422 495 524 579 704 1002 1085
13 112 125 162 225 349 378 385 471 708 826 844 872 1088
13 1 97 100 162 197 345 423 430 824 858 897 957 1031
13 35 230 328 351 375 376 554 689 714 841 1036 1129 1179
13 63 82 123 203 239 288 305 456 523 619 794 832 1014
13 132 365 378 395 435 525 586 868 894 895 995 1047 1109
13 86 274 275 354 453 597 627 704 846 862 899 982 1095
13 4 107 254 323 375 493 573 642 858 907 916 951 1128
13 156 162 307 348 438 801 858 881 954 1044 1136 1139 1148
13 75 102 188 401 460 492 593 662 771 883 959 986 1076
13 84 244 598 846 853 909 935 948 993 1015 1041 1088 1108
13 61 76 130 400 458 613 693 885 948 1034 1110 1113 1160
13 67 281 307 336 445 478 496 642 648 670 976 1058 1094
13 135 169 236 455 478 540 766 783 905 1019 1090 1108 1143
13 24 326 361 590 651 679 709 774 815 860 939 1000 1176
13 243 271 274 437 509 549 847 863 898 926 946 1067 1079
13 68 261 405 462 476 576 613 759 831 1039 1044 1123 1169
13 143 184 342 534 537 592 643 691 773 934 991 1134 1168
13 120 138 164 182 401 429 479 598 648 693 794 982 1039
13 10 26 50 122 173 176 213 334 390 432 731 891 1029
13 10 73 349 372 450 461 500 553 756 890 987 1037 1178
13 60 116 225 246 316 317 431 736 917 919 1094 1145 1166
13 32 83 116 603 672 697 739 842 926 1015 1028 1067 1177
13 115 201 342 376 407 425 446 556 673 822 833 917 1082
13 8 49 515 595 631 653 691 720 823 901 917 987 1089
13 53 122 335 374 437 530 613 634 740 775 1060 1080 1137
13 95 207 472 512 543 705 882 919 969 1028 1079 1173 1182
13 179 279 288 352 392 467 546 789 837 856 873 1096 1141
13 1 109 175 283 426 544 545 761 838 853 891 966 1160
13 28 49 240 302 350 404 582 606 743 815 829 975 1094
13 70 72 218 226 278 319 402 587 693 992 1050 1052 1075
13 54 71 74 108 198 303 351 683 730 812 893 1097 1177
13 188 221 454 584 669 680 741 768 788 895 1067 1111 1157
13 50 249 273 435 556 706 743 836 961 1027 1075 1081 1153
13 165 225 249 414 456 459 657 677 712 922 964 976 1182
13 22 149 151 246 420 453 515 724 834 1005 1039 1111 1113
13 56 324 330 602 639 783 940 948 1020 1124 1129 1140 1169
13 71 355 410 451 473 536 637 713 808 865 1104 1147 1166
13 61 146 157 217 249 301 331 430 652 832 855 875 1176
13 7 82 122 174 218 339 386 435 789 837 921 927 970
13 53 296 306 361 412 425 522 804 863 999 1001 1053 1062
13 18 40 61 78 198 281 372 387 508 593 724 842 848
13 49 119 236 306 409 516 791 980 1050 1061 1066 1106 1143
13 214 232 294 510 622 689 716 752 926 951 988 1062 1114
13 62 227 278 346 418 743 810 949 982 1017 1029 1070 1134
13 152 190 318 383 670 733 766 866 876 1057 1087 1108 1133
13 128 135 282 370 447 466 504 744 766 894 947 1002 1135
13 41 92 241 286 358 609 749 790 883 895 955 974 991
13 531 543 551 674 777 816 885 903 963 1032 1099 1110 1177
13 90 158 224 234 238 250 365 470 488 528 1030 1053 1145
13 220 277 299 346 369 384 477 705 727 922 942 1091 1155
13 154 282 334 576 579 588 672 862 875 881 982 1010 1146
13 385 502 565 596 679 773 811 847 963 980 1103 1136 1178
13 121 138 167 296 314 503 537 587 730 841 903 975 1052
13 170 276 338 368 508 605 646 652 753 800 880 994 1047
13 121 243 515 569 577 717 718 784 907 983 996 1072 1083
13 157 196 267 367 442 518 726 745 811 852 925 1122 1145
13 91 138 200 308 386 497 581 818 861 948 1007 1063 1098
13 3 59 89 136 143 185 265 271 473 548 671 765 846
13 16 255 567 581 639 695 749 811 861 900 978 1018 1093
13 32 177 207 230 347 350 446 707 872 886 915 958 1028
13 55 103 183 317 415 713 847 862 914 1009 1040 1070 1152
13 17 44 96 127 192 287 312 457 518 588 797 865 937
13 154 163 295 326 483 487 574 618 711 730 807 884 886
13 76 195 417 471 508 724 838 864 886 975 1026 1152 1162
13 3 161 394 396 620 722 763 961 1052 1083 1113 1115 1173
13 183 474 524 712 789 823 915 928 1034 1052 1060 1071 1180
13 12 101 109 199 235 259 438 503 665 756 771 966 981
13 31 134 185 265 286 384 647 742 819 906 949 993 997
13 14 27 94 112 114 155 221 407 673 677 709 810 1111
13 104 458 466 504 690 702 778 879 909 967 977 1035 1060
13 36 79 94 314 318 392 471 623 753 952 970 985 1040
13 138 218 377 426 441 445 502 718 994 1100 1138 1149 1175
13 5 387 393 412 439 568 713 752 795 1099 1149 1167 1180
13 27 46 244 271 327 688 804 874 913 961 964 1014 1069
13 235 268 510 597 658 662 679 795 880 925 946 1079 1132
13 47 77 104 396 436 622 804 996 1007 1025 1091 1097 1109
13 222 238 307 318 334 511 635 639 668 742 1004 1102 1152
13 14 65 143 157 161 277 529 578 684 874 928 1025 1171
13 191 268 270 340 360 388 561 758 768 790 834 905 1091
13 112 137 221 302 430 443 763 817 837 849 963 964 1047
13 21 99 125 181 211 325 437 587 658 701 806 899 1121
13 65 113 118 153 165 406 419 426 466 504 846 910 960
13 132 266 275 356 527 599 637 649 690 970 989 1040 1057
13 96 336 338 377 560 601 709 730 769 810 878 995 1002
13 5 28 131 215 255 318 603 706 736 844 873 891 1048
13 77 169 198 257 374 431 530 550 557 625 654 1077 1181
13 14 22 299 349 417 486 729 827 830 831 928 942 1120
13 79 138 151 288 289 405 563 593 748 788 919 975 1162
13 95 203 248 267 401 440 497 998 1026 1066 1101 1127 1157
13 2 66 132 152 239 244 450 576 638 725 951 962 1086
13 28 49 264 310 478 674 697 698 997 1008 1026 1125 1146
13 137 138 216 262 387 465 684 746 850 996 1080 1109 1147
13 130 224 233 323 339 447 481 504 617 699 900 1101 1170
13 22 76 81 221 224 241 528 824 864 882 958 961 1059
13 39 71 239 457 503 590 696 849 934 1010 1096 1144 1167
13 29 263 351 460 578 623 716 935 1055 1073 1111 1173 1174
13 64 91 204 559 780 877 902 974 1001 1011 1012 1112 1174
13 78 89 119 427 459 577 611 808 924 961 962 1021 1137
13 319 333 451 535 566 589 597 730 776 825 905 1028 1036
13 224 300 437 691 697 733 742 818 973 1009 1119 1146 1154
13 4 12 29 74 142 316 321 334 355 427 658 905 1073
13 32 70 90 240 266 277 417 451 594 709 872 940 1066
13 8 96 143 225 473 521 605 615 762 812 1093 1159 1178
13 211 283 293 456 570 576 674 887 919 983 1039 1104 1125
13 35 71 85 238 246 267 589 675 709 743 746 890 955
13 20 104 190 262 496 522 580 705 774 822 1043 1113 1141
13 28 157 217 324 399 429 575 610 704 822 862 921 1075
13 30 141 267 287 343 445 540 605 772 821 830 931 972
13 29 170 199 219 325 344 358 636 683 803 874 920 960
13 321 410 477 617 690 704 776 850 863 948 1012 1071 1101
13 103 156 300 394 397 545 679 712 808 812 925 1032 1037
13 176 194 195 233 444 503 519 600 719 927 949 972 1154
13 46 48 61 177 242 284 486 642 739 758 905 957 1129
13 105 163 211 212 226 239 286 497 553 718 916 1101 1161
13 15 37 201 487 653 658 683 724 749 956 1033 1039 1156
13 25 95 401 457 599 610 675 729 824 930 1004 1032 1084
13 40 130 224 350 429 557 680 824 910 956 989 1007 1168
13 271 290 316 476 530 550 653 818 895 931 943 978 1110
13 9 105 228 324 417 730 744 844 1026 1048 1068 1076 1122
13 85 188 196 254 505 665 777 841 956 1043 1069 1127 1163
13 14 35 128 139 153 221 322 675 722 777 837 895 901
13 164 468 614 630 640 654 750 837 918 1003 1019 1020 1161
13 98 154 176 240 296 464 503 511 538 915 1027 1040 1049
13 85 185 228 368 479 481 523 562 593 952 975 1019 1076
13 111 119 389 432 453 501 654 789 790 834 854 959 1027
13 56 476 572 598 737 745 751 765 857 953 1163 1178 1183
13 143 164 226 357 370 487 723 782 849 995 1140 1142 1153
13 24 149 193 214 236 431 575 654 671 717 1013 1099 1125
13 22 142 164 392 397 416 505 546 640 656 957 1134 1144
13 39 74 144 154 320 540 567 571 650 923 952 1075 1111
13 78 173 192 194 261 354 683 717 785 875 1140 1143 1163
13 26 57 109 145 168 305 428 710 755 863 1008 1104 1146
13 39 112 247 306 360 479 496 607 777 800 860 953 1159
13 178 229 331 337 339 367 392 453 454 526 560 648 1141
13 413 446 485 557 586 595 684 711 822 915 966 985 1146
13 207 510 593 643 687 800 805 957 967 1090 1141 1145 1154
13 69 93 135 352 354 426 500 592 717 837 924 960 1130
13 130 244 292 424 446 528 678 701 787 827 958 1030 1034
13 131 144 293 297 414 418 465 546 701 705 742 747 915
13 192 205 244 276 288 318 342 489 550 559 569 593 1100
13 80 425 427 477 496 550 585 636 779 803 922 989 1065
13 108 137 255 277 335 428 431 744 790 805 831 907 1018
13 115 466 537 564 664 713 814 946 1033 1035 1062 1089 1156
13 24 41 50 60 85 198 353 382 795 816 854 872 1135
13 77 85 140 161 473 543 715 792 794 873 884 948 1021
13 26 27 72 107 183 285 309 406 472 551 580 695 1108
13 8 221 308 355 422 427 493 494 660 855 914 915 1016
13 104 113 256 386 434 438 504 506 624 731 960 1124 1132
13 1 79 131 356 363 432 436 493 512 536 933 939 1134
13 155 205 295 297 441 569 607 710 815 829 839 864 897
13 51 139 147 172 245 448 561 606 675 737 943 1162 1177
13 122 150 198 213 338 425 549 706 748 938 969 980 1018
13 81 430 477 496 501 632 728 762 814 879 931 933 1073
13 31 104 136 161 298 460 463 567 591 813 843 963 1165
13 30 191 204 249 436 521 674 727 753 847 980 1081 1136
13 11 34 103 133 170 373 657 690 697 719 722 795 1158
13 103 273 294 312 431 678 703 762 833 838 845 1077 1131
13 133 135 139 189 222 393 524 698 733 806 840 892 900
13 53 141 266 269 296 368 395 661 662 805 913 1026 1046
13 23 50 357 420 483 573 657 683 706 892 997 1042 1139
13 54 136 138 159 169 186 324 624 625 666 751 929 1176
13 43 84 219 240 348 491 637 707 728 757 760 1009 1061
13 33 77 88 163 182 266 426 456 592 715 729 827 843
13 98 119 280 311 414 427 579 744 799 955 985 1011 1132
13 75 88 110 118 182 189 366 614 648 799 843 945 1181
13 13 107 123 262 444 500 522 579 689 705 939 1135 1170
13 119 172 340 565 596 650 653 767 905 932 992 994 1141
13 70 91 93 147 364 395 396 666 783 811 896 900 1166
13 143 163 347 459 586 629 773 871 884 952 969 1130 1165
13 177 307 322 384 457 567 587 658 779 868 881 927 1045
13 11 144 193 251 273 301 406 488 595 672 816 846 1003
13 37 145 149 152 373 460 470 513 663 669 753 1016 1169
13 44 62 67 167 230 280 281 320 411 564 806 896 977
13 187 232 273 327 519 569 598 678 765 780 871 952 1056
13 14 16 46 82 192 294 595 772 812 820 990 1027 1179
13 231 241 346 383 507 512 586 613 779 797 902 937 1171
13 66 96 152 357 420 525 558 569 607 857 896 1088 1119
13 178 433 439 454 461 551 567 843 900 1071 1097 1112 1115
13 173 177 308 517 630 758 888 911 912 951 1058 1076 1127
13 37 96 101 132 188 279 300 313 399 555 578 950 1175
13 148 199 260 359 396 592 593 806 835 866 1041 1046 1177
13 10 41 46 280 341 540 547 764 795 935 1035 1081 1124
13 105 130 146 220 278 342 754 775 883 938 939 1019 1090
13 5 69 159 220 236 252 349 387 464 554 925 995 1025
13 101 176 276 361 520 549 635 711 933 949 1071 1110 1152
13 115 139 149 231 269 344 362 610 803 872 1058 1151 1170
13 8 112 354 439 484 507 516 534 643 778 963 980 1055
13 115 198 236 264 350 361 484 790 878 937 991 1011 1143
13 10 64 122 196 313 397 646 722 755 827 849 870 1156
13 161 216 235 315 376 418 472 537 624 787 918 1059 1162
13 140 319 381 490 849 961 982 1007 1032 1078 1081 1151 1166
13 94 107 452 479 588 614 646 648 655 809 880 1002 1020
13 134 158 241 339 524 552 710 762 835 909 993 1022 1157
13 86 112 251 423 450 541 560 659 842 894 911 959 997
13 21 405 517 591 644 647 649 801 923 1064 1138 1142 1172
13 74 155 187 461 578 589 602 761 901 1069 1089 1092 1155
13 72 82 174 206 263 271 354 579 682 716 802 959 1002
13 112 213 284 315 381 493 583 606 612 738 745 1022 1083
13 8 68 132 183 328 357 593 763 778 779 840 891 1050
13 86 150 152 188 270 379 469 547 576 856 864 941 1018
13 3 49 260 301 310 343 351 377 406 517 676 758 933
13 7 35 67 272 287 341 343 364 383 419 498 757 779
13 50 219 282 320 499 633 662 674 677 747 812 1126 1174
13 78 154 236 362 421 428 503 618 633 682 732 949 1167
13 4 78 119 181 221 232 382 744 820 832 950 1056 1155
13 25 90 211 333 364 402 467 753 783 791 897 1101 1133
13 71 124 238 404 478 535 558 888 893 945 1017 1051 1176
13 23 30 33 123 157 480 495 537 715 775 781 783 792
13 34 139 274 341 494 531 633 648 653 736 908 1038 1104
13 5 16 191 362 412 501 539 546 600 846 873 889 998
13 16 112 171 184 224 312 332 367 544 621 658 818 1002
13 52 157 255 325 385 441 504 587 847 982 1080 1135 1150
13 137 148 156 243 299 359 382 391 571 840 1026 1083 1113
13 1 36 78 237 252 307 380 404 491 562 862 904 1071
13 42 412 460 548 582 596 768 786 842 947 962 1046 1059
13 5 65 101 134 247 410 417 588 741 960 979 1016 1079
13 130 141 161 201 223 239 299 407 676 931 1075 1082 1171
13 31 189 348 368 390 576 668 790 799 803 846 965 1099
13 169 278 285 465 543 808 851 883 890 955 1064 1134 1158
13 79 234 250 262 291 476 507 695 704 710 830 1098 1124
13 62 96 199 294 371 491 568 611 647 823 1021 1083 1100
13 10 109 115 325 392 525 716 924 1014 1036 1085 1104 1160
13 6 94 106 169 192 275 294 695 786 810 872 883 1010
13 130 151 269 428 535 585 603 608 671 728 767 876 901
13 21 105 146 174 287 375 559 582 749 761 769 976 1172
13 103 107 203 300 318 547 654 734 769 857 991 1119 1166
13 282 329 540 585 621 642 693 697 771 871 951 993 1123
13 56 88 408 435 714 788 912 966 994 1034 1037 1086 1181
13 21 93 100 150 166 179 392 504 724 848 914 1053 1131
13 91 111 129 314 318 459 521 549 650 784 850 860 1051
13 25 240 268 301 429 586 671 759 784 938 1132 1156 1172
13 83 103 150 152 396 409 414 441 454 758 763 881 913
13 172 176 208 287 475 555 577 616 704 861 916 920 1128
13 28 81 108 159 166 382 416 551 811 905 995 1062 1103
13 38 62 214 265 269 490 499 536 586 735 960 1027 1149
13 10 23 126 186 234 484 527 532 784 794 915 1038 1082
13 79 106 248 253 487 552 796 908 948 953 1074 1152 1164
13 24 100 113 423 447 602 605 721 833 908 923 1102 1133
13 2 30 83 143 309 337 712 787 886 933 978 1044 1077
13 29 71 92 157 424 453 505 538 656 798 804 939 1055
13 117 349 507 609 665 666 672 725 757 851 877 1003 1113
13 202 467 545 604 622 656 802 803 1043 1083 1098 1154 1170
13 67 123 124 179 281 323 427 507 739 847 990 1074 1098
13 50 236 333 411 583 639 644 646 892 980 990 1113 1147
13 322 334 345 476 493 567 615 758 771 881 937 976 1111
13 76 290 457 553 612 614 699 815 824 950 979 1004 1104
13 171 249 291 512 554 570 604 608 685 722 749 781 966
13 75 150 256 285 440 458 526 584 637 735 791 943 1097
13 131 167 246 399 403 554 656 703 763 845 918 1019 1176
13 51 65 94 119 217 227 266 395 485 716 876 970 1182
13 3 50 102 108 428 477 480 552 603 714 717 985 1123
13 75 88 137 186 236 238 262 265 406 990 1008 1036 1074
13 123 306 334 357 366 491 647 694 727 729 964 1017 1151
13 79 202 394 529 547 720 901 912 913 963 984 1038 1096
13 100 171 233 252 302 390 606 617 681 745 757 845 1156
13 64 116 145 270 441 487 625 705 811 837 878 888 1173
13 142 228 269 421 463 546 580 631 727 842 911 932 972
13 12 86 122 171 196 228 262 325 369 434 877 1091 1172
13 172 231 248 428 462 492 758 881 909 933 950 978 1003
13 22 132 278 284 380 397 465 532 595 753 805 1084 1095
13 44 107 133 210 264 407 415 538 627 754 830 1080 1140
13 149 218 384 390 560 634 636 673 1004 1031 1050 1148 1165
13 6 36 81 99 244 290 429 440 471 494 527 750 846
13 89 120 306 312 409 413 572 735 816 1030 1048 1098 1137
13 134 187 253 356 364 688 881 916 998 1001 1040 1058 1141
13 7 117 127 324 344 544 590 622 661 797 931 966 1121
13 78 101 178 244 388 451 569 638 643 745 775 804 835
13 92 270 408 422 423 442 578 678 794 995 1047 1080 1183
13 9 20 67 238 306 408 470 651 655 795 798 800 1165
13 31 52 103 114 126 205 222 231 358 622 963 1105 1154
13 56 57 177 194 309 628 634 724 746 841 921 993 996
13 34 54 183 372 545 671 712 759 853 897 911 986 1023
13 190 437 555 647 660 673 835 898 911 986 994 1087 1127
13 65 272 304 441 508 509 623 721 943 1025 1134 1142 1175
13 86 167 196 392 413 535 563 621 659 823 923 1082 1169
13 39 52 136 219 225 410 494 527 532 826 891 1022 1149
13 267 358 371 432 452 639 755 854 869 881 1038 1049 1152
13 31 110 166 229 242 246 385 422 479 849 941 968 1011
13 9 73 237 272 453 462 641 668 752 979 1003 1059 1146
13 141 312 359 548 584 630 645 669 685 726 741 888 920
13 38 47 50 203 215 600 692 864 882 901 1012 1082 1101
13 16 114 218 266 379 437 726 759 840 879 885 958 1011
13 93 341 344 401 411 453 615 735 760 791 824 856 1054
13 31 147 346 451 561 637 679 734 737 776 817 862 958
13 9 28 127 315 352 560 579 643 749 856 968 977 1058
13 43 86 319 422 581 649 651 655 696 830 924 955 991
13 189 208 259 265 353 378 520 664 757 865 892 993 1103
13 32 242 320 406 794 1020 1029 1072 1086 1103 1124 1163 1174
