100 1000
27 3 6 14 15 22 23 24 25 27 33 36 42 45 48 52 54 58 60 66 67 68 71 86 89 93 95 97
25 6 14 22 27 28 32 39 44 54 56 57 59 65 71 75 76 77 80 83 84 90 94 97 98 99
22 3 5 6 8 16 17 23 25 27 31 36 41 47 50 54 55 63 78 92 95 97 99
20 9 12 24 29 30 37 40 41 46 48 53 58 63 75 77 81 87 88 89 93
19 4 5 15 19 22 27 38 48 52 61 63 64 71 74 78 91 92 96 98
11 13 20 23 40 43 46 48 49 59 64 91
22 1 4 21 27 28 34 47 51 58 59 60 61 62 69 72 73 74 78 84 89 94 99
17 4 8 15 41 43 44 45 52 60 71 77 84 85 90 94 97 98
24 1 8 10 12 15 17 22 28 32 35 36 37 40 41 54 56 58 67 72 75 81 85 92 93
18 7 9 20 23 25 28 31 35 49 52 56 57 72 76 85 87 88 100
24 1 5 8 10 11 13 16 20 26 27 28 29 37 43 49 60 61 70 74 76 83 84 89 100
19 1 10 15 16 23 31 32 41 44 60 61 62 63 65 89 91 95 96 97
17 5 20 26 27 29 43 46 48 57 63 83 86 89 90 92 93 94
21 2 19 22 24 34 40 41 49 58 62 63 65 70 72 77 79 86 91 92 93 97
14 13 14 27 29 30 45 46 50 52 63 68 70 78 89
29 11 12 20 24 26 31 34 39 40 41 45 46 50 51 52 54 56 61 63 64 76 77 80 82 84 87 92 93 95
22 18 20 26 30 37 41 46 48 60 61 64 65 66 70 71 72 82 83 85 86 87 100
19 5 8 26 32 37 38 39 41 42 45 47 49 57 65 67 74 81 98 99
16 7 22 23 24 25 35 41 42 60 64 65 79 84 85 89 92
15 3 4 6 21 24 28 29 45 52 58 63 71 76 83 86
18 7 9 18 20 32 33 39 50 56 59 62 69 80 86 88 93 96 100
14 7 13 17 31 43 45 50 64 66 73 76 77 87 88
19 2 8 16 19 26 34 35 36 47 55 59 61 67 75 77 88 96 98 100
24 5 10 13 16 17 18 19 21 24 25 29 43 45 47 56 63 64 77 79 80 81 86 87 88
22 2 3 4 10 15 21 22 26 27 28 30 39 42 56 59 67 71 72 77 83 84 87
21 1 2 10 23 28 33 37 41 44 45 46 53 55 62 63 73 77 78 88 91 97
18 2 9 21 34 45 53 54 61 62 71 80 82 85 88 90 93 95 99
13 7 19 23 30 34 45 65 71 75 87 91 95 96
20 5 12 18 23 29 32 34 35 40 42 46 53 66 78 80 86 88 92 95 97
18 9 12 16 17 23 26 34 51 53 54 63 73 82 83 84 96 97 98
27 4 5 6 8 9 11 15 22 31 33 34 46 52 54 56 58 59 62 67 73 77 78 79 83 92 95 99
20 1 17 20 25 32 33 39 40 43 44 48 49 52 58 62 70 71 76 77 81
24 3 7 20 21 23 24 27 30 31 41 43 51 62 63 64 69 74 80 87 89 90 91 93 96
33 1 2 5 8 11 12 16 17 20 26 27 28 30 33 44 48 50 53 59 60 67 68 71 72 74 76 77 78 81 86 91 92 95
20 11 18 20 27 29 31 48 49 53 56 58 65 67 78 81 84 90 91 93 98
27 2 3 7 13 19 27 35 38 49 51 61 62 64 65 67 68 74 79 81 82 83 88 89 95 97 99 100
16 11 14 15 17 29 30 31 34 38 44 65 71 79 85 92 98
20 1 2 9 13 21 23 26 30 38 48 60 61 65 66 67 74 75 77 78 91
18 16 17 30 32 34 37 53 57 58 66 70 71 77 83 95 96 98 99
21 3 7 15 16 17 19 32 36 37 40 46 63 65 68 69 77 81 90 92 96 97
17 24 30 31 34 43 46 47 48 51 55 59 64 66 72 78 85 95
25 1 2 5 6 10 14 18 24 28 35 37 54 58 61 64 70 71 72 77 78 85 89 93 95 96
23 3 8 10 12 23 26 28 30 36 44 47 50 59 66 68 81 82 88 89 90 95 99 100
14 1 3 5 7 23 28 31 32 41 60 71 75 84 85
16 6 30 33 40 42 43 45 48 51 55 64 74 76 80 93 97
20 2 3 16 17 20 27 33 37 39 43 49 50 54 80 81 84 85 92 93 94
20 4 8 9 11 12 18 26 27 38 46 53 61 63 70 75 77 78 82 86 96
26 2 6 15 16 21 22 29 30 33 37 40 41 45 54 56 61 63 69 75 80 82 83 86 87 95 98
21 3 9 12 25 26 27 28 35 36 38 43 44 47 51 53 59 60 68 81 90 91
23 5 10 11 12 13 31 35 37 39 47 48 53 57 61 71 74 75 81 87 92 95 97 99
19 2 12 14 19 20 26 34 36 37 45 47 55 57 61 64 71 72 88 100
21 8 16 18 21 23 25 30 31 33 43 44 46 51 52 58 61 72 75 89 92 95
19 1 2 17 19 20 21 25 26 33 35 36 46 49 52 58 60 67 91 100
17 6 15 17 29 36 49 54 59 60 61 64 69 73 75 81 90 96
17 1 13 20 25 37 42 50 53 58 68 72 79 80 81 82 85 94
19 2 4 5 7 11 15 18 24 38 39 44 49 54 57 66 72 80 83 90
25 1 2 4 7 10 14 24 27 28 33 34 44 46 47 50 51 56 68 71 73 78 90 91 93 100
14 7 11 24 32 38 52 53 54 61 66 73 77 88 100
16 1 2 3 28 31 34 35 38 41 49 50 53 54 64 79 86
28 14 18 22 26 30 36 39 40 42 43 46 47 48 52 56 58 65 68 71 72 74 77 80 81 83 84 86 91
17 1 2 24 39 41 51 52 53 54 55 67 68 72 84 90 93 100
21 6 7 14 15 23 30 43 45 46 54 63 64 67 70 72 74 89 90 93 96 100
23 5 7 8 10 12 17 19 22 26 36 38 40 42 47 48 53 54 61 63 65 76 83 95
15 7 11 12 16 17 21 22 32 62 70 81 88 91 93 95
21 18 19 22 27 29 35 37 38 40 47 48 49 56 59 62 67 72 78 90 91 97
21 3 18 19 31 35 36 39 43 46 57 62 68 75 80 84 86 87 88 90 92 93
19 7 9 12 18 22 35 46 51 61 62 71 72 73 74 76 83 87 88 90
19 2 3 7 10 14 19 24 29 31 42 51 61 66 69 70 71 81 86 87
20 7 10 16 19 31 32 41 44 58 65 73 74 75 84 85 87 88 92 95 96
27 1 2 8 14 19 20 21 24 30 35 38 47 48 49 50 55 56 58 59 66 68 80 85 86 87 90 97
21 5 6 9 11 14 17 18 23 27 31 39 40 58 65 68 69 75 82 86 87 98
14 5 15 17 25 28 34 55 56 58 63 64 74 82 96
15 23 27 36 38 45 46 66 67 69 71 74 75 87 88 90
21 3 4 5 7 9 13 17 22 29 37 46 48 51 56 67 72 80 89 91 94 97
28 5 8 15 21 22 23 24 26 34 40 43 45 46 49 53 55 63 66 68 70 75 80 82 84 87 91 97 99
22 3 11 14 15 19 25 28 29 35 36 45 47 53 54 55 62 63 64 68 70 81 95
20 3 9 20 21 24 25 26 38 43 44 45 49 52 56 61 65 75 78 90 96
24 14 16 17 18 20 25 29 32 35 36 37 41 46 47 54 56 63 66 74 80 85 93 96 99
19 1 10 21 25 26 33 39 44 53 57 58 60 61 70 73 77 79 92 99
20 1 3 5 9 29 31 39 44 46 56 64 66 67 73 75 81 85 96 97 100
23 1 6 7 8 10 31 33 37 40 41 43 46 50 53 61 65 67 71 77 80 87 92 93
14 1 13 16 32 36 39 41 59 82 85 86 87 88 89
26 2 4 15 17 23 33 34 45 48 53 54 55 56 58 69 73 74 75 77 79 81 84 85 86 89 95
22 2 5 15 16 20 21 22 25 28 30 37 42 52 53 61 77 79 84 85 93 98 99
19 2 5 13 14 18 25 33 43 47 48 64 74 76 77 80 82 86 94 95
26 3 4 6 12 14 21 22 24 26 27 30 37 39 42 53 56 57 58 62 68 69 70 71 90 99 100
24 2 7 9 10 15 19 27 34 35 39 48 55 61 66 70 72 74 76 77 78 79 88 98 100
19 2 3 5 6 11 21 30 48 52 55 58 71 78 81 83 85 89 93 97
18 9 12 18 22 27 33 37 40 46 49 52 55 58 61 66 77 85 92
26 1 7 10 14 15 18 20 21 24 47 50 53 55 61 62 65 68 69 71 72 73 76 84 88 89 93
21 5 9 15 21 24 25 31 45 46 47 56 65 66 67 69 71 77 83 86 99 100
16 2 3 23 44 46 56 58 59 62 69 72 79 84 87 90 100
28 4 9 10 14 19 21 22 27 38 44 45 47 49 60 62 63 65 66 68 71 73 80 86 87 92 95 99 100
16 6 15 16 23 31 37 49 52 56 65 74 79 85 91 93 97
18 1 4 6 7 15 19 20 38 40 45 47 49 58 59 62 74 81 87
22 1 5 9 17 22 33 39 47 49 56 57 64 65 70 71 80 86 88 89 96 98 99
23 2 3 5 15 16 21 27 36 43 45 46 50 55 56 63 64 71 76 77 78 83 88 94
19 3 11 17 18 23 26 34 39 41 44 45 50 52 57 64 66 80 81 92
27 2 3 4 6 8 11 12 13 23 25 36 43 50 52 54 56 58 68 70 74 76 78 79 88 90 94 98
24 1 7 9 13 24 27 31 34 41 43 45 46 55 56 58 63 65 80 85 87 88 92 96 98
13 1 3 4 9 14 39 48 56 69 74 76 94 98
24 3 19 26 31 33 40 41 43 46 47 48 52 54 56 63 64 65 68 71 77 80 86 88 91
14 8 11 13 16 20 28 37 65 68 78 83 90 91 98
22 10 11 12 24 27 29 38 40 45 48 54 57 63 64 65 73 74 82 86 92 96 97
23 6 7 11 13 18 22 26 32 39 43 44 49 52 53 56 57 58 61 65 70 72 79 99
19 3 6 7 10 15 23 43 44 49 50 57 65 74 78 85 90 94 95 97
22 7 12 15 17 22 29 30 31 32 42 47 48 50 51 56 64 69 71 78 84 93 100
26 1 3 5 12 13 18 22 26 32 38 40 41 42 43 44 51 60 67 72 73 83 89 90 93 94 96
23 8 13 15 19 20 26 30 32 33 37 39 45 56 57 63 68 72 74 81 83 86 90 97
17 3 22 24 27 33 38 42 52 57 65 68 72 73 79 84 93 94
16 2 23 28 36 53 58 63 86 88 90 92 93 94 95 97 98
22 5 21 22 26 28 30 32 41 46 51 53 55 57 59 60 64 77 81 82 93 94 95
20 2 5 16 22 25 37 49 58 62 65 66 70 74 81 83 86 87 90 91 97
24 1 5 6 11 13 21 24 28 37 38 40 48 57 59 61 70 74 75 78 82 85 87 92 98
23 3 4 12 14 21 31 37 41 42 46 47 51 52 54 56 64 68 71 78 83 85 91 93
22 5 8 14 15 20 28 31 32 42 44 45 48 50 55 63 76 79 83 84 85 86 94
28 6 11 15 17 27 30 45 46 49 51 52 53 59 62 64 65 67 70 73 75 76 77 82 83 84 95 96 98
16 3 10 17 19 29 39 43 50 56 64 67 74 77 82 87 94
16 12 13 16 25 32 34 39 44 46 54 57 59 75 84 90 95
22 9 10 16 25 26 27 35 36 37 41 54 56 59 60 62 67 68 70 80 82 84 92
19 3 4 16 26 30 43 51 52 56 57 60 62 64 66 67 71 82 86 100
17 2 4 12 15 17 32 33 41 47 56 58 61 69 73 88 96 99
18 7 9 10 21 24 29 47 53 54 55 63 67 68 69 75 83 95 98
16 7 24 25 26 32 33 38 41 48 51 53 59 65 73 80 92
18 3 6 7 19 20 32 37 41 45 61 63 68 79 80 81 90 95 99
12 1 3 20 37 49 52 63 70 78 91 94 96
15 3 6 19 34 40 42 54 66 75 79 82 86 90 96 100
29 2 9 13 14 16 21 26 29 30 31 35 36 40 46 47 49 52 54 60 62 65 66 69 75 80 84 95 96 98
19 11 16 37 43 47 53 56 59 64 68 71 80 81 82 84 88 94 97 98
22 2 3 8 20 28 30 33 38 44 45 48 52 53 63 64 67 78 79 80 82 84 93
14 3 5 10 24 26 37 50 55 57 59 67 80 83 86
19 9 15 17 22 24 31 34 39 41 52 55 56 62 63 66 92 95 98 100
22 2 7 9 22 32 34 37 42 43 44 48 53 54 55 60 74 82 89 94 95 96 99
19 11 16 20 30 34 39 41 50 55 56 63 70 74 78 79 83 86 88 92
20 2 3 10 12 21 27 28 31 41 47 50 60 65 66 72 76 90 91 96 99
19 1 37 43 44 46 50 53 54 59 60 66 70 74 83 85 89 91 93 95
23 3 5 6 8 11 17 22 31 36 41 52 60 61 66 67 72 73 77 81 82 90 95 97
23 1 2 6 12 13 29 38 39 45 46 47 52 60 65 66 68 70 72 76 77 89 93 99
18 16 28 32 36 45 52 54 58 64 66 72 76 78 91 92 94 97 100
23 5 15 17 24 38 42 52 53 60 62 65 66 71 73 77 80 81 82 83 85 89 95 99
21 5 8 10 14 21 23 34 38 39 43 50 53 54 65 69 77 78 84 85 89 95
24 3 8 21 23 25 26 27 29 39 41 46 52 53 62 65 74 75 81 82 83 90 91 93 95
22 2 5 9 21 22 23 25 28 37 44 45 48 51 58 62 63 68 70 89 90 94 95
18 10 13 15 16 17 21 24 43 44 59 69 70 80 82 84 86 96 99
23 2 4 10 11 13 17 21 27 29 31 35 38 39 41 47 55 58 65 66 71 73 78 85
16 2 12 17 21 24 25 30 45 50 51 60 71 77 84 88 93
19 5 7 10 14 15 19 21 30 33 36 42 64 67 70 82 88 92 99 100
21 14 18 24 26 27 28 29 31 44 47 50 62 66 79 80 84 86 87 89 93 100
17 6 10 17 18 27 31 32 38 40 41 47 48 57 58 76 97 99
29 4 5 8 17 21 23 24 32 34 35 39 40 41 43 44 54 57 58 59 60 71 73 76 78 83 90 92 95 96
20 6 8 13 21 24 26 28 30 32 34 48 57 58 61 67 73 85 92 97 99
16 16 21 32 35 36 39 44 56 57 58 61 62 69 72 87 98
21 3 6 11 14 38 47 51 56 68 72 75 77 79 81 88 89 90 91 94 95 98
20 1 3 11 16 20 24 25 32 35 43 44 46 49 51 54 59 62 63 66 84
27 1 11 22 31 32 33 38 43 45 46 48 49 54 55 57 60 61 62 63 67 71 73 87 90 94 98 100
23 1 7 10 19 22 32 34 44 46 47 52 57 58 59 71 73 74 75 79 81 87 91 100
22 1 2 4 7 9 15 19 20 23 25 27 28 34 46 50 54 64 67 72 79 85 90
18 2 9 17 19 23 25 29 41 42 61 62 66 80 82 90 94 95 98
23 8 12 14 26 29 35 36 38 39 41 43 45 49 50 54 58 62 63 70 82 88 93 94
15 16 17 31 35 36 38 41 45 52 59 60 64 73 75 96
20 1 8 11 15 24 26 33 37 42 45 49 54 55 69 70 77 78 79 82 92
21 8 12 13 18 24 32 36 39 46 49 51 55 60 69 74 77 79 80 87 93 98
17 10 29 30 38 41 45 50 56 58 65 66 69 75 77 90 95 99
27 2 13 16 23 25 26 34 35 40 48 52 55 58 61 62 67 68 70 71 72 74 78 83 86 96 98 100
16 1 3 4 5 9 14 25 27 35 46 49 52 55 68 82 92
18 16 23 24 27 29 38 43 48 50 60 63 66 72 74 75 76 79 83
17 1 10 25 29 31 32 37 43 48 51 63 65 75 79 88 95 97
9 6 40 41 49 58 80 87 91 94
16 6 8 20 35 38 39 44 45 46 49 62 69 73 74 75 78
27 1 2 3 9 16 18 23 26 27 31 34 36 44 45 55 56 62 67 69 70 72 75 76 79 80 90 95
27 2 3 4 5 8 9 16 27 33 34 36 38 52 54 58 69 71 72 73 74 76 77 81 83 86 87 100
22 8 18 19 21 23 24 25 37 40 47 48 51 54 55 58 60 63 76 78 79 89 94
23 5 9 11 12 15 20 31 33 44 45 55 57 60 61 62 65 66 69 79 82 83 84 95
13 6 15 35 36 54 67 73 77 84 89 90 91 94
27 1 8 11 15 21 23 24 25 27 29 31 34 37 38 42 46 53 57 64 65 72 81 82 83 93 96 99
19 11 12 18 24 31 35 36 38 41 49 51 59 61 63 66 72 76 80 89
17 1 2 10 21 23 27 32 38 41 48 60 67 69 75 94 95 96
22 1 2 6 8 15 19 22 33 37 41 56 58 62 67 73 74 82 85 86 88 96 97
15 2 18 29 30 31 33 38 53 59 65 70 77 89 91 93
21 3 8 15 24 33 35 43 52 56 58 61 63 64 65 66 73 90 93 94 97 100
16 13 25 36 42 45 47 50 52 55 59 65 82 87 90 93 99
16 9 10 23 34 36 48 50 56 66 70 75 78 85 89 92 100
22 2 6 10 13 15 17 21 25 34 38 39 42 48 57 59 73 74 76 86 91 95 98
19 4 5 6 7 8 9 10 18 23 27 56 59 64 67 78 79 82 89 96
19 8 11 12 15 20 23 25 28 54 62 66 70 75 77 79 88 91 96 98
14 2 4 5 15 27 33 41 61 63 78 85 90 91 95
25 2 4 5 8 13 19 20 26 32 39 43 44 46 47 56 64 69 74 75 80 83 86 89 97 98
18 2 15 21 23 46 50 56 64 66 68 76 79 84 86 87 90 92 98
16 12 18 19 27 28 34 53 55 58 76 78 85 90 93 95 98
21 4 11 18 19 27 28 34 36 37 51 52 59 61 63 65 66 70 71 81 82 99
20 2 3 5 11 12 13 15 19 26 29 31 34 42 46 50 60 69 70 95 100
17 1 3 6 21 23 44 48 50 59 63 69 77 82 83 85 92 96
20 5 7 8 12 16 19 37 39 40 53 54 58 63 65 70 76 84 92 94 100
18 5 15 17 18 30 31 32 37 42 47 54 64 65 70 76 84 87 96
20 9 21 22 35 36 37 43 44 46 49 51 64 65 71 73 76 89 90 91 96
15 10 12 23 25 31 32 37 42 46 78 83 85 92 99 100
29 3 8 13 15 27 30 32 35 39 41 47 49 54 55 57 58 59 61 62 67 73 74 78 80 83 91 97 99 100
24 1 15 20 25 27 31 33 40 50 52 54 58 63 64 68 69 71 73 79 85 89 91 94 95
23 1 3 6 15 17 33 34 36 45 48 62 63 64 67 70 81 82 86 93 94 95 97 98
16 7 13 17 18 19 28 36 37 38 49 51 52 56 88 93 99
27 4 6 12 15 16 17 22 23 26 29 30 36 38 44 45 46 50 54 55 71 74 77 79 81 89 96 97
22 7 8 12 14 18 23 27 28 29 30 31 32 47 57 63 66 71 79 89 92 95 100
18 7 8 10 14 16 25 33 43 51 52 55 56 83 87 88 89 91 100
27 1 9 14 19 21 26 31 36 38 41 50 51 55 57 59 62 77 78 85 87 89 92 93 95 98 99 100
20 4 5 11 14 16 24 27 28 32 34 37 39 57 65 66 72 73 79 87 90
19 1 5 13 19 22 33 36 41 47 49 54 58 59 61 63 76 80 83 92
20 6 21 24 28 31 39 42 43 47 51 54 56 63 81 83 85 88 89 95 99
23 6 8 11 12 14 18 23 27 33 36 42 49 51 52 59 63 77 86 87 90 95 96 98
24 7 16 27 30 32 33 34 36 37 38 40 44 48 52 54 58 67 72 77 79 82 84 98 100
20 10 18 19 20 25 30 40 45 50 53 56 60 61 62 63 70 75 93 98 99
17 2 3 7 15 19 20 37 39 50 59 61 72 88 92 93 99 100
20 11 17 18 21 28 32 34 52 53 57 68 73 75 81 82 89 92 93 95 96
21 9 13 16 29 32 40 41 47 49 57 66 71 80 85 86 89 91 96 97 98 99
15 1 13 33 39 40 51 59 60 61 78 81 85 87 88 94
22 2 9 16 18 21 24 26 35 36 42 46 48 50 53 57 65 74 79 80 84 92 95
18 3 5 6 7 11 15 17 32 34 52 56 62 67 72 75 79 85 88
17 14 17 23 25 28 36 38 40 43 54 57 62 70 74 85 95 97
18 4 9 11 13 20 31 36 39 48 51 61 70 82 84 86 88 96 98
17 7 9 16 18 23 25 34 44 45 54 56 57 65 68 76 78 84
16 10 13 14 18 23 36 47 62 63 66 71 72 74 80 83 88
18 4 11 19 26 27 28 36 58 63 64 65 66 70 71 76 87 98 100
27 6 14 16 26 27 31 32 37 41 47 50 52 57 58 60 61 70 71 74 77 78 79 80 82 93 97 99
20 17 19 21 32 34 35 37 38 40 44 51 52 54 57 58 63 68 75 78 95
14 1 8 14 24 28 37 47 51 53 55 69 73 90 99
19 6 21 26 27 29 40 42 44 47 59 65 66 67 73 80 84 89 95 97
13 3 5 17 24 43 44 46 59 64 73 75 83 86
20 4 23 26 27 39 43 48 50 51 55 57 60 65 66 68 74 82 83 88 100
20 9 11 13 14 16 23 25 30 44 45 48 64 66 68 71 79 81 87 89 94
19 8 9 10 16 18 28 29 34 44 45 47 48 66 74 78 82 85 89 91
18 3 13 15 17 18 21 46 49 54 56 57 83 86 88 92 93 94 95
15 1 2 6 13 20 21 22 33 62 64 74 76 80 83 94
16 2 3 5 10 11 18 22 23 26 29 37 64 65 66 79 89
16 9 17 23 36 46 47 63 64 66 73 75 79 85 87 99 100
16 9 20 22 23 25 28 36 37 43 45 47 61 68 75 82 87
23 7 8 11 14 19 25 29 31 34 36 40 49 50 57 62 68 69 70 76 79 82 85 96
22 2 4 6 15 17 20 23 28 31 35 41 42 47 49 57 61 66 81 84 89 95 97
26 9 14 16 18 21 24 29 35 37 41 42 45 54 56 57 62 68 72 76 77 79 80 86 87 92 93
13 5 17 22 25 30 51 61 67 71 87 88 93 100
16 2 8 20 21 22 32 33 37 40 44 49 57 61 66 71 86
16 10 12 28 34 39 50 60 63 64 65 71 80 85 90 92 100
23 2 4 11 13 17 21 23 31 39 40 47 48 49 55 75 76 81 87 90 93 95 97 100
20 5 9 12 21 22 26 27 29 39 40 48 51 52 64 71 72 75 79 91 99
14 1 11 16 17 22 26 37 41 60 67 75 81 86 93
21 11 21 34 35 43 45 47 49 54 58 59 61 64 68 76 80 81 83 85 89 93
14 3 10 13 18 19 25 39 56 58 60 69 87 88 90
16 1 4 6 8 12 28 42 47 52 54 57 58 60 77 83 87
23 3 4 7 8 17 19 20 29 39 44 50 53 55 60 64 66 69 74 78 81 88 89 98
19 7 10 16 19 23 25 30 33 34 46 58 65 68 73 79 88 89 97 100
16 4 5 24 34 38 41 45 54 79 80 84 85 94 96 97 100
17 9 18 24 30 33 36 50 51 65 71 73 77 78 82 88 95 99
23 7 10 26 28 32 33 42 44 45 46 49 54 64 69 70 72 75 76 79 84 94 95 100
22 2 13 17 18 19 20 23 32 37 42 44 47 51 56 67 73 75 79 86 95 97 99
15 1 4 7 10 12 19 22 23 24 30 49 77 80 85 86
19 1 13 19 24 27 30 33 38 44 45 46 52 54 55 56 58 69 78 82
20 10 38 40 44 50 51 53 55 57 58 63 65 66 71 77 85 90 95 96 98
16 6 17 19 20 30 36 48 58 59 64 66 70 72 73 74 76
24 2 14 24 25 26 28 31 32 37 42 45 47 48 49 50 55 56 61 65 77 83 89 93 99
17 1 11 13 33 40 45 46 47 50 62 71 79 83 84 89 90 97
23 1 2 3 7 9 14 16 17 20 33 35 45 51 53 61 64 68 71 74 82 89 98 100
19 7 18 23 26 28 30 36 37 42 44 45 52 54 65 66 80 83 85 96
22 6 10 12 13 18 23 34 39 43 46 48 49 57 59 64 65 69 72 79 81 82 96
16 1 4 5 8 20 34 38 49 53 66 77 82 85 88 92 97
19 6 13 19 26 31 34 41 42 56 66 69 70 75 76 77 79 84 98 100
16 12 13 17 21 32 39 46 50 64 65 75 82 83 95 99 100
20 5 6 10 11 13 18 20 23 24 32 38 39 50 57 60 61 67 69 80 99
18 11 16 18 35 36 41 43 60 66 68 73 87 90 92 93 94 96 100
17 1 11 22 28 29 33 37 40 43 50 53 55 57 69 73 87 97
21 5 10 13 14 18 25 26 32 41 47 53 64 65 66 67 74 76 81 82 87 94
20 7 12 14 23 26 28 43 44 47 48 60 70 74 76 79 83 84 85 96 97
29 5 8 11 13 19 23 27 28 31 32 39 40 42 44 46 47 48 58 65 69 72 73 85 87 89 95 96 98 100
23 1 4 7 12 18 22 25 32 34 39 52 54 61 67 75 78 80 83 84 88 91 95 98
20 3 8 15 20 21 23 27 28 39 42 50 52 54 63 65 70 74 85 93 100
26 5 6 12 15 29 33 35 36 37 38 39 40 45 51 52 55 59 67 73 74 75 81 83 84 87 91
27 1 7 8 11 12 19 21 25 30 31 35 37 39 41 43 46 56 64 67 69 76 79 80 84 85 89 98
17 20 24 26 28 34 39 47 48 51 70 73 88 90 92 96 97 98
18 7 8 11 16 17 22 25 26 30 34 40 60 62 73 78 86 91 95
23 7 8 9 16 25 26 31 34 37 40 52 60 61 62 65 66 70 75 76 79 85 91 93
25 3 7 10 11 21 24 25 32 41 51 58 62 63 64 65 67 70 78 82 85 86 87 92 98 100
20 3 6 18 21 23 34 43 49 52 57 60 65 73 75 79 80 81 82 86 92
19 1 4 15 18 23 25 38 46 48 64 72 75 77 80 81 83 85 86 96
17 4 27 28 33 38 45 48 67 75 77 81 84 86 87 93 97 99
21 4 6 7 18 19 23 30 31 36 37 38 54 56 63 65 67 76 77 79 88 97
20 1 3 7 15 20 21 22 29 32 37 38 41 46 49 67 68 77 93 95 99
19 4 8 11 15 20 37 54 56 59 60 61 62 67 68 70 72 85 93 100
18 1 3 10 24 27 30 34 39 44 46 59 63 64 67 70 76 84 91
16 2 5 6 8 10 19 20 25 33 39 54 57 73 79 83 89
19 6 18 19 30 37 38 42 46 47 50 54 55 70 76 81 90 91 97 98
21 13 16 17 19 20 22 52 58 62 68 71 73 76 79 86 87 93 97 98 99 100
26 3 5 19 20 22 23 27 30 31 37 38 43 44 46 48 52 57 67 74 75 78 86 88 95 97 99
23 2 3 9 12 14 18 25 36 39 46 50 51 55 62 63 64 69 73 77 81 82 83 91
21 16 18 21 31 33 34 39 40 46 54 59 63 65 70 73 78 80 87 91 92 100
23 2 8 26 27 29 30 32 35 36 44 46 56 69 70 71 72 76 79 85 89 90 94 96
27 4 16 22 25 28 33 37 38 40 41 42 52 57 59 60 61 63 64 68 69 74 77 81 83 85 94 100
24 1 8 13 14 21 23 24 38 43 50 52 53 54 62 63 64 72 74 79 81 87 89 92 98
19 3 5 8 23 24 25 27 28 31 33 36 50 65 67 78 80 89 90 94
16 6 8 18 19 21 24 26 41 42 44 57 60 64 79 80 89
24 2 5 7 13 21 22 26 32 38 40 43 49 50 61 62 64 65 66 70 74 86 87 92 99
15 16 30 32 34 39 40 44 56 60 79 80 90 91 94 96
21 9 11 14 17 18 22 26 33 34 35 37 53 55 56 58 66 71 73 88 93 97
23 9 10 13 14 20 28 29 37 43 44 46 49 53 62 63 70 79 80 85 88 92 93 96
21 4 6 8 9 15 28 32 37 44 47 48 51 54 59 65 66 70 71 75 84 98
26 8 15 16 24 26 33 40 43 44 46 47 48 57 58 59 63 64 73 79 85 87 89 94 96 98 100
16 3 5 21 22 25 44 55 63 67 71 77 83 89 90 91 94
14 6 24 28 37 40 46 51 55 62 66 86 88 90 94
16 1 3 6 9 12 17 18 37 39 50 55 56 74 77 98 100
17 6 19 25 29 31 35 41 47 52 56 68 70 82 84 86 88 99
17 5 7 9 12 21 22 30 35 37 39 60 75 80 83 84 89 96
23 1 7 10 13 17 23 25 28 30 48 57 58 59 61 63 70 72 81 82 84 92 94 96
16 2 4 12 20 32 34 35 44 46 55 62 74 76 80 87 96
21 13 18 20 21 25 26 29 37 42 43 44 46 60 61 63 71 76 81 82 94 98
23 2 7 12 16 18 34 35 40 44 45 49 51 53 54 58 63 66 72 79 84 89 92 93
22 13 15 17 28 32 34 38 39 43 53 56 57 58 64 67 68 69 70 71 77 96 97
21 4 9 11 14 17 22 24 25 27 32 35 41 42 47 49 56 60 61 82 94 96
19 1 5 9 11 21 22 33 35 38 44 49 57 64 78 82 85 86 88 96
18 6 16 23 29 37 38 39 46 54 55 56 63 65 67 72 74 75 82
20 1 8 21 36 38 39 41 43 45 46 53 55 62 68 70 74 79 84 90 100
17 3 5 13 21 24 31 32 36 42 57 68 72 79 84 85 92 99
17 1 5 6 9 13 21 34 36 38 42 49 57 60 71 74 75 86
22 5 7 12 14 18 24 25 27 28 36 37 43 46 49 62 64 66 68 69 70 81 84
21 5 10 16 18 21 22 23 28 33 36 52 53 58 70 71 77 79 90 91 94 97
20 6 7 27 34 39 40 42 43 44 46 52 62 68 69 83 84 86 95 96 99
23 2 8 9 20 22 23 24 28 33 36 39 40 46 48 50 52 53 54 55 62 66 70 77
22 4 9 18 30 34 41 44 46 51 56 60 61 63 65 66 70 71 74 84 85 89 99
16 5 6 14 22 41 42 47 49 62 63 68 76 79 80 85 98
17 6 11 14 18 19 21 23 42 43 44 49 57 62 83 93 97 98
22 11 16 19 22 25 29 31 38 40 45 48 49 63 65 70 73 74 87 89 90 93 95
19 7 13 14 15 37 39 41 50 54 63 69 77 78 79 80 81 87 97 98
25 2 7 10 19 24 28 35 36 37 38 42 45 46 47 55 56 61 63 73 80 83 86 87 93 95
21 2 9 10 12 14 19 22 25 50 57 59 61 68 73 75 77 84 86 88 89 91
24 13 14 16 20 21 22 30 33 34 40 53 61 63 71 74 76 78 79 80 86 89 90 93 99
25 4 6 9 16 19 20 30 31 34 38 40 47 54 56 72 83 86 87 89 91 93 94 95 96 99
20 1 2 6 10 14 15 17 20 44 45 49 51 54 61 65 70 76 83 99 100
13 1 8 10 17 34 44 48 62 63 68 76 77 81
19 2 5 8 9 10 30 32 33 38 47 52 54 65 67 75 79 80 84 88
15 12 18 35 37 44 49 50 51 52 56 70 77 90 93 98
24 3 4 5 6 18 19 26 35 37 41 42 43 45 46 48 55 58 62 66 67 75 80 83 100
29 1 2 5 7 9 10 11 14 18 24 27 43 45 49 52 59 62 63 74 75 77 79 80 86 90 92 93 96 100
18 11 13 17 31 34 36 38 40 45 55 61 63 73 82 84 87 89 99
18 3 4 5 11 13 16 19 21 22 26 29 31 46 54 57 78 80 97
22 2 3 4 13 18 31 36 38 41 42 44 47 50 55 56 60 71 72 74 75 78 83
19 10 11 13 23 40 42 45 55 58 59 62 64 66 71 80 85 88 93 96
21 21 25 26 27 31 33 48 52 54 58 64 68 69 83 86 88 90 92 95 96 98
22 3 8 26 28 29 31 35 37 42 43 47 51 52 54 55 73 75 81 85 90 93 94
18 3 6 7 8 9 10 11 14 25 32 49 54 60 71 80 83 88 100
21 3 5 12 13 34 35 37 40 45 46 51 52 55 68 71 75 77 93 95 98 99
14 20 29 30 31 36 48 52 55 58 60 63 72 84 85
22 6 7 9 10 14 21 25 36 42 45 52 53 54 58 59 71 73 74 77 91 94 95
21 1 3 6 7 19 20 38 44 45 49 53 59 61 62 69 75 88 90 94 95 97
29 2 7 14 29 30 32 35 40 41 42 45 54 55 56 59 60 66 67 69 71 77 84 86 88 89 94 97 99 100
23 1 2 6 7 11 12 16 34 38 42 45 51 56 67 69 73 78 80 81 82 85 87 92
19 5 10 11 15 20 29 34 39 42 46 63 64 71 74 75 77 82 97 99
23 1 5 9 11 18 27 28 30 33 39 41 43 44 45 47 55 68 71 73 87 88 93 95
16 4 11 20 30 31 32 35 48 49 52 57 69 70 79 91 95
14 2 7 19 28 43 47 48 50 64 67 81 85 90 93
14 2 7 8 10 25 34 36 38 40 44 54 63 82 88
14 4 15 20 24 27 37 41 50 66 73 79 81 93 94
24 6 8 10 18 20 25 27 28 31 35 36 37 39 44 45 56 57 58 77 83 86 88 97 99
24 3 5 8 13 19 23 27 29 32 41 48 63 66 73 74 78 82 84 85 86 89 91 95 100
16 2 12 14 29 40 41 51 55 57 71 81 87 90 92 95 97
15 8 11 14 25 26 38 54 57 66 69 72 78 83 84 92
14 2 8 14 17 21 29 35 39 60 63 92 95 96 99
20 6 7 12 14 21 22 27 30 31 44 45 53 54 56 57 76 81 95 96 99
25 1 7 12 17 18 24 25 34 39 40 43 53 55 66 67 68 72 75 76 82 83 93 95 96 98
13 9 12 13 18 37 38 42 45 51 72 76 88 93
24 2 4 6 8 14 19 21 25 29 36 43 44 46 47 49 52 56 57 69 73 77 79 84 93
24 5 9 11 12 18 31 32 34 37 39 42 45 47 49 51 52 57 60 69 74 75 81 88 90
20 6 9 11 13 17 25 27 30 33 35 44 45 51 54 55 56 63 70 84 95
16 10 11 15 26 28 37 38 40 41 42 68 86 90 93 95 100
26 2 10 13 21 23 24 28 30 36 38 39 45 46 54 57 58 67 69 70 76 80 89 91 93 94 97
17 18 39 41 43 47 48 53 68 69 75 81 84 93 96 97 98 100
22 10 11 12 13 15 19 22 31 46 50 57 67 71 74 75 77 78 82 85 86 93 96
10 10 12 33 51 59 81 85 88 94 96
22 6 18 19 23 29 30 31 35 37 39 42 49 53 65 67 72 75 83 86 90 94 99
20 3 5 9 14 18 21 25 28 31 35 39 45 47 49 52 63 70 71 72 83
17 2 3 5 6 8 22 25 30 32 36 39 46 52 87 92 97 98
21 4 6 12 14 17 32 37 38 47 48 53 64 66 74 76 81 85 90 94 96 100
21 8 9 12 14 15 24 43 47 53 54 56 64 68 69 73 74 75 81 85 94 96
22 4 16 17 19 25 27 30 34 38 40 43 58 59 65 75 76 78 82 84 85 92 96
29 3 6 10 17 20 27 28 33 37 38 43 50 51 56 57 63 68 73 75 76 79 80 85 86 87 88 91 96 97
22 4 8 14 21 27 31 32 39 42 45 51 53 54 56 65 69 73 74 90 93 95 97
19 8 13 16 17 23 29 31 37 42 50 53 54 59 65 68 77 87 93 97
21 4 8 13 15 17 22 35 48 52 56 59 61 73 77 81 83 84 85 91 99 100
23 1 7 16 18 22 28 31 32 50 58 59 63 64 67 68 69 72 76 80 87 93 96 100
23 3 7 17 27 33 34 42 43 46 49 55 56 57 58 61 63 64 80 83 86 96 97 99
17 10 11 14 16 18 38 39 45 46 48 54 55 60 70 74 76 89
19 2 9 10 13 15 16 19 23 24 25 56 63 65 68 70 75 82 87 99
26 6 7 12 13 16 25 26 30 32 33 35 47 49 51 52 54 60 65 70 71 79 82 91 93 95 96
21 5 7 17 20 29 34 37 46 48 54 58 62 70 73 75 79 80 84 86 92 99
18 1 15 19 21 23 32 45 48 59 60 61 74 75 77 78 80 88 98
12 5 14 19 26 27 41 42 55 66 75 87 99
16 1 13 15 18 23 39 41 45 50 56 65 70 71 81 93 99
24 7 13 21 30 31 37 39 47 48 50 55 57 58 60 69 72 73 76 79 81 85 88 95 99
26 2 4 6 8 10 12 14 21 28 50 51 61 63 68 71 76 79 80 81 82 88 89 91 95 96 97
32 1 2 3 8 9 10 15 19 22 23 26 31 33 44 45 46 51 54 59 63 64 66 67 68 72 73 81 84 86 91 97 98
15 14 20 28 33 35 42 51 59 65 77 84 86 90 92 95
17 4 8 13 14 17 19 26 30 32 48 57 73 75 78 80 85 94
20 8 9 17 22 29 30 33 43 49 51 58 62 65 73 79 82 87 95 97 100
19 10 13 18 24 29 30 41 44 45 48 55 57 64 72 73 85 93 96 97
27 2 3 10 11 27 31 33 38 41 42 47 54 61 64 65 68 71 72 74 75 77 82 86 90 91 96 99
21 6 15 17 18 22 24 26 36 37 48 54 58 67 68 72 73 81 84 90 92 99
23 2 12 14 19 20 21 32 33 35 40 41 45 50 51 54 57 73 75 77 81 83 91 99
23 1 5 17 22 25 28 33 45 46 47 50 51 52 56 61 64 69 71 82 84 86 87 92
12 4 15 17 43 46 47 53 68 70 92 94 98
24 3 5 8 10 11 18 22 36 40 41 50 51 53 55 56 59 61 72 78 81 84 85 92 95
13 1 14 15 17 23 24 28 48 54 57 80 86 88
23 1 3 8 9 12 15 19 21 23 25 32 41 55 59 62 67 68 72 74 87 91 95 100
18 3 8 22 33 42 44 47 48 51 53 56 62 65 66 84 92 95 96
19 5 7 26 31 33 40 58 59 62 63 67 79 80 83 85 91 92 96 99
14 1 6 23 36 43 44 49 51 73 90 92 94 95 100
25 7 9 17 20 21 23 24 29 33 34 37 52 58 64 74 75 76 81 82 85 89 91 93 94 96
19 9 10 16 18 21 23 35 36 39 41 49 50 57 74 80 88 96 98 100
30 1 11 12 13 15 16 17 23 24 25 26 29 39 41 47 51 54 61 63 67 69 70 72 83 87 88 90 92 93 95
21 7 10 13 17 28 29 33 38 45 51 56 59 66 77 80 81 85 91 98 99 100
21 2 10 11 16 23 27 29 30 40 41 44 46 62 69 70 80 84 95 96 99 100
23 3 5 13 20 26 30 38 50 53 54 59 61 62 63 68 69 73 75 77 81 90 92 96
24 4 5 7 16 18 19 38 42 44 46 47 55 57 58 64 68 69 70 71 77 79 84 93 97
15 25 30 36 56 60 64 66 75 76 82 84 93 94 97 98
26 7 9 11 15 16 17 26 31 33 37 47 49 51 55 57 64 70 75 85 88 90 92 93 95 97 98
23 2 7 9 11 14 20 38 40 43 48 50 51 57 60 65 67 75 88 90 92 94 97 99
19 9 27 39 47 48 50 51 61 65 67 76 78 85 92 93 95 96 99 100
21 2 4 5 10 12 13 16 18 19 27 37 39 50 59 62 73 82 87 89 91 97
13 1 4 5 16 17 20 23 26 36 50 61 68 96
14 9 11 12 13 24 30 35 36 39 44 55 62 73 94
12 3 4 9 15 27 59 61 65 77 92 93 100
25 1 4 6 8 12 13 21 35 39 41 48 50 51 53 54 55 57 62 63 77 87 88 92 95 99
24 3 11 17 22 23 25 26 31 34 35 39 48 49 57 60 67 71 77 84 86 90 93 94 100
22 1 3 4 10 13 16 19 21 22 55 61 62 64 70 74 76 77 78 81 88 90 92
20 1 11 13 28 29 32 33 41 44 45 47 48 57 62 70 72 73 83 85 88
23 5 14 22 25 26 28 30 31 33 34 36 49 53 57 66 73 77 85 87 89 93 99 100
20 6 7 14 27 29 45 47 56 58 66 68 69 71 73 75 81 83 84 88 95
21 4 10 13 17 22 26 40 43 45 48 50 51 59 61 68 78 89 90 94 95 100
17 11 22 24 26 39 40 41 43 48 51 54 62 73 82 92 95 99
21 7 14 19 24 26 35 38 39 41 47 48 49 54 57 58 68 70 74 83 85 94
21 3 5 14 18 30 32 34 36 53 58 59 69 70 71 74 82 83 84 86 88 91
28 2 4 5 11 14 18 22 24 33 36 38 40 49 50 52 53 65 70 71 73 79 83 85 88 90 94 95 96
19 3 6 14 20 22 23 30 35 39 51 54 63 67 71 72 83 87 90 97
20 2 11 13 28 30 34 39 40 42 51 56 60 63 65 74 78 79 86 97 99
20 7 22 28 39 40 48 50 51 59 62 72 75 76 77 80 84 85 96 98 99
19 12 13 18 19 22 30 36 39 43 45 48 49 52 55 71 74 84 89 92
23 4 5 7 8 17 18 26 27 37 40 54 58 59 61 65 68 70 75 76 77 80 82 87
16 2 3 14 33 42 45 60 64 66 68 69 73 85 90 93 100
21 5 6 9 14 18 31 36 45 48 50 58 59 62 69 77 78 79 88 92 96 97
18 2 3 5 13 15 24 27 45 52 54 58 67 69 76 77 78 91 95
22 3 6 9 16 22 29 31 32 39 40 48 49 50 56 67 68 69 70 74 83 84 92
17 17 25 29 40 59 64 65 69 71 73 74 88 91 94 95 96 100
21 3 9 11 13 19 28 31 36 44 48 56 59 61 62 74 76 87 91 94 96 100
13 27 28 32 40 45 52 60 62 67 69 71 73 83
13 2 5 13 21 26 36 38 61 72 75 79 84 100
19 2 6 20 28 32 33 34 36 38 42 46 49 55 74 82 83 85 88 100
21 14 23 24 25 28 30 32 38 47 50 51 53 54 55 61 70 71 88 95 96 100
23 1 3 4 15 23 24 30 33 34 36 39 49 56 58 62 67 74 77 85 88 90 95 99
17 3 5 17 20 25 32 37 54 59 63 64 70 73 78 82 83 100
18 5 6 11 14 24 29 32 34 40 42 44 63 64 69 70 71 91 92
20 1 12 16 20 21 33 38 43 44 46 49 53 56 63 65 81 87 88 89 97
21 1 3 5 7 19 24 25 31 34 36 40 45 71 72 76 77 83 88 89 90 93
16 5 13 19 23 35 36 38 47 55 60 61 72 73 83 86 96
18 14 17 29 41 45 48 49 50 52 56 57 59 61 65 67 71 78 99
19 11 15 22 26 39 42 46 47 52 54 55 56 69 73 82 88 90 96 98
15 1 17 18 23 33 37 43 52 67 68 73 74 76 90 99
24 9 12 13 14 15 16 25 27 28 29 37 39 40 50 53 60 61 64 71 74 78 85 88 97
20 3 8 10 16 22 24 30 35 50 52 59 60 63 66 71 83 89 90 92 93
14 2 5 10 11 18 29 31 38 49 51 59 63 69 82
29 2 3 10 15 19 21 23 29 38 40 41 42 43 55 66 67 72 75 78 80 86 90 91 92 95 97 98 99 100
26 2 7 9 12 15 18 26 27 31 37 40 42 47 50 55 58 70 76 86 88 91 95 97 98 99 100
23 9 10 12 16 18 21 25 32 43 51 52 54 55 65 70 71 76 82 86 95 96 99 100
18 3 9 12 13 15 17 22 29 31 33 36 45 48 54 72 74 91 98
23 6 7 9 16 21 25 26 39 43 45 46 50 51 52 60 67 72 76 80 81 82 87 91
20 4 7 11 14 16 18 26 27 39 45 47 50 55 69 74 78 79 86 94 95
14 1 20 25 38 44 45 50 52 55 60 76 88 97 99
17 7 12 34 47 48 55 57 58 66 68 70 72 74 77 90 96 100
14 10 28 37 44 45 50 68 72 77 82 86 92 97 99
16 9 15 23 27 29 31 37 54 55 59 60 67 70 72 95 96
18 2 7 11 17 21 27 31 33 38 39 42 48 50 52 59 66 72 93
16 20 24 26 32 33 35 50 51 57 66 67 72 77 88 92 96
17 10 12 13 15 17 22 41 54 69 72 73 79 80 95 97 98 100
19 2 8 9 16 19 22 24 25 30 39 42 45 48 54 55 88 93 94 98
25 4 6 8 10 14 24 26 30 31 33 49 52 56 62 64 65 67 68 71 72 73 77 81 95 99
19 5 9 10 15 16 27 39 42 43 55 61 67 69 70 71 85 86 91 96
14 5 13 19 27 31 39 55 62 69 72 84 87 91 98
19 1 5 6 10 17 19 29 31 37 38 39 43 44 54 58 64 66 77 84
18 1 10 11 16 17 21 24 28 35 48 57 60 73 85 86 87 97 98
14 4 15 20 22 28 34 39 43 49 57 59 70 78 97
16 14 17 18 19 22 26 33 34 36 55 66 70 79 86 90 96
18 1 7 9 10 15 16 32 34 37 46 51 63 68 74 82 93 99 100
18 7 17 20 25 26 29 44 52 56 59 65 66 74 79 82 86 94 97
25 1 4 5 6 8 10 12 19 21 22 29 30 32 41 42 44 47 51 54 69 71 86 88 90 97
21 10 11 16 29 35 43 44 45 46 48 57 65 66 77 83 86 89 92 94 96 97
11 3 14 17 23 25 33 40 51 74 76 82
18 18 20 31 41 43 45 47 54 57 58 66 68 73 74 78 83 87 92
26 5 7 10 11 14 15 16 17 18 19 20 26 28 34 36 39 46 51 55 63 65 67 68 71 72 79
23 3 6 14 18 26 33 35 43 44 50 51 56 59 66 69 71 74 76 83 84 91 97 99
18 5 10 22 24 31 32 33 37 38 43 44 49 51 53 71 77 87 98
17 1 7 16 21 24 27 36 39 49 51 57 60 75 77 83 88 89
21 10 17 21 25 32 33 34 40 41 42 45 47 50 55 63 64 65 79 86 96 99
23 7 11 14 18 23 33 35 36 37 38 40 42 45 50 53 55 58 60 75 83 84 97 100
17 4 6 9 11 26 33 36 41 51 57 58 61 69 70 73 77 90
23 3 11 16 18 32 36 40 45 46 47 52 53 58 62 63 64 65 73 75 88 89 94 96
13 17 33 37 45 49 54 55 63 65 67 75 85 98
13 4 6 8 17 24 47 48 49 69 82 93 96 99
20 4 7 10 15 24 28 31 39 43 50 51 61 63 69 74 76 78 91 92 95
18 3 19 27 28 29 31 34 39 46 49 53 55 63 71 76 78 84 89
19 1 7 13 14 16 27 28 32 38 43 49 51 52 61 73 74 78 95 97
16 4 7 9 30 33 44 48 50 54 57 58 59 63 69 81 90
17 1 8 9 18 20 21 28 30 44 58 75 76 79 80 81 89 96
19 1 11 14 15 24 25 31 36 38 41 43 57 58 60 61 77 88 99 100
22 6 7 10 16 24 33 35 36 40 44 46 57 59 61 63 76 81 82 87 92 96 97
14 1 36 44 45 49 50 54 55 61 63 75 80 90 92
22 3 8 17 18 29 30 38 45 47 52 61 62 64 68 71 72 74 87 88 89 98 100
20 2 4 7 9 14 17 36 46 47 49 53 62 63 68 74 84 86 90 92 93
18 1 4 10 13 20 23 26 30 34 35 37 40 44 56 61 65 83 97
21 9 11 13 15 27 32 39 40 43 52 62 64 71 74 75 77 86 87 91 93 100
22 1 9 10 14 18 21 27 29 30 31 47 50 57 60 64 71 77 81 83 85 95 96
23 7 8 28 30 37 41 43 45 49 51 55 59 62 63 68 70 78 79 81 85 89 96 99
19 2 24 31 35 39 53 56 62 63 65 73 75 76 79 84 88 91 93 96
16 5 6 8 12 18 21 33 34 42 44 54 58 60 78 83 84
21 4 5 11 18 21 27 32 37 39 54 56 64 68 73 75 76 79 81 87 97 99
13 3 16 18 28 32 51 56 73 86 88 93 97 98
13 8 9 12 32 34 40 43 44 50 55 71 77 85
20 13 14 25 28 32 33 34 36 53 55 56 57 59 61 69 71 74 77 95 99
26 1 2 5 8 9 12 15 18 21 31 32 35 37 40 41 49 51 52 53 58 63 65 70 81 90 92
20 7 13 26 27 31 33 38 50 55 56 57 61 63 64 73 75 78 80 89 95
22 2 3 6 13 14 17 21 23 27 28 30 38 40 45 54 63 72 81 86 88 89 98
16 6 13 14 22 27 31 51 54 55 62 66 67 75 81 83 93
20 6 7 10 11 17 39 40 41 47 53 59 68 78 81 87 88 89 91 92 95
13 8 9 22 24 28 33 45 49 60 62 73 87 88
20 1 3 8 9 12 17 18 21 24 31 51 53 54 58 62 64 74 84 86 98
23 3 5 8 15 23 28 33 42 45 50 53 54 57 62 64 68 70 72 80 84 96 97 98
19 3 6 12 15 16 23 25 27 31 34 41 48 60 77 84 85 90 92 97
16 17 27 30 31 33 38 39 41 53 71 75 76 78 84 87 100
17 4 5 10 26 27 30 31 37 38 49 56 60 69 70 78 82 89
22 5 9 11 14 18 29 31 33 37 39 43 50 55 59 60 61 63 67 78 91 96 99
26 7 8 10 13 14 15 19 21 23 24 25 37 41 47 53 60 74 77 79 82 88 91 92 93 96 98
24 11 14 16 20 25 26 27 32 34 40 42 51 54 57 58 61 63 69 70 74 75 77 79 94
17 9 10 11 17 23 34 36 38 41 50 54 57 64 71 86 97 100
14 1 8 13 19 28 29 30 36 45 69 80 87 90 95
17 4 8 9 10 11 14 29 33 36 41 46 58 60 69 79 83 90
17 3 5 6 9 19 24 28 31 53 56 60 62 65 67 70 83 93
15 3 5 13 27 45 49 53 60 62 63 64 67 82 88 98
14 2 3 19 20 22 41 47 52 55 66 85 89 95 100
19 11 16 20 23 29 38 46 55 61 64 65 67 69 76 77 86 87 90 99
18 11 18 21 39 54 60 61 67 68 70 76 84 86 89 90 91 92 93
23 2 16 17 18 26 39 45 49 55 57 58 60 62 65 70 72 86 87 91 92 94 96 98
21 5 9 10 13 23 29 35 41 42 48 56 58 60 64 79 80 82 84 86 87 91
14 2 18 23 36 38 58 59 66 72 76 77 83 85 88
25 2 8 11 13 15 17 19 21 26 27 41 43 46 47 49 54 55 62 69 70 80 86 87 96 100
19 2 9 12 13 23 25 40 43 45 50 52 53 54 55 65 76 86 89 96
13 4 19 20 27 28 33 35 60 84 87 92 94 97
20 5 7 9 14 21 24 32 41 47 49 50 53 55 57 80 89 94 95 96 98
26 3 8 10 14 17 18 23 25 27 28 31 55 56 63 66 71 73 74 76 79 83 84 89 90 92 98
21 5 9 13 14 23 27 29 34 42 43 49 52 58 59 61 72 78 83 86 91 94
25 1 4 8 10 15 27 48 52 54 57 60 66 69 71 73 75 78 79 81 84 89 90 95 97 98
13 15 20 21 37 40 46 48 78 84 85 89 93 97
24 6 9 10 23 27 28 29 33 37 49 53 55 59 60 61 66 72 74 75 76 86 89 91 96
20 4 17 18 19 30 31 34 37 40 52 57 59 61 70 73 88 89 97 99 100
26 4 5 6 7 10 16 21 30 32 39 42 44 45 51 54 60 68 69 74 77 79 89 91 93 95 100
19 1 4 16 21 23 26 28 29 45 59 62 65 69 70 75 82 85 92 99
21 9 13 17 20 21 33 36 42 45 48 52 54 63 68 74 78 89 93 95 96 100
16 3 24 26 27 31 33 38 48 56 69 72 74 77 84 90 96
24 2 3 16 19 22 30 36 38 43 46 48 52 55 61 63 64 71 72 75 77 78 81 83 91
20 3 6 11 14 17 19 26 33 39 59 67 69 75 80 82 84 86 89 94 99
22 1 15 16 17 25 43 44 47 48 49 58 59 61 63 74 78 81 87 88 90 93 94
15 5 7 17 21 34 35 63 69 72 75 80 83 86 88 97
20 1 5 17 22 25 26 34 35 45 46 48 51 58 66 67 72 86 96 97 99
18 4 16 21 25 26 31 32 34 39 45 50 51 57 59 75 80 87 92
23 2 6 7 9 10 17 23 26 30 43 47 50 52 56 59 64 65 66 71 81 87 92 97
22 4 6 7 13 14 23 25 26 31 34 44 47 52 56 58 60 63 68 73 74 86 88
22 1 4 5 10 11 17 20 23 41 43 44 47 50 53 59 72 73 78 83 90 92 98
28 1 9 11 14 19 21 25 27 34 41 48 53 58 59 61 62 65 66 67 69 72 74 85 89 92 95 98 100
22 4 5 14 17 21 24 28 29 32 34 35 44 47 57 69 70 72 73 84 85 97 100
20 3 12 20 21 23 27 29 31 32 42 45 50 54 76 77 83 84 91 95 100
29 5 6 9 13 18 20 28 29 30 31 35 36 37 38 42 43 49 53 55 57 59 66 70 71 80 83 87 95 96
27 1 2 19 23 31 33 34 47 49 52 54 56 57 58 62 63 68 71 76 79 83 84 88 90 91 92 95
18 2 17 21 22 28 41 42 53 55 60 77 81 84 85 92 95 96 98
25 1 7 9 12 13 14 19 29 32 45 46 48 49 58 61 62 63 69 70 73 79 80 88 90 98
20 4 10 13 15 16 23 24 41 42 53 57 58 65 74 77 82 84 86 87 97
19 5 7 11 15 18 32 34 38 39 41 44 47 52 55 60 67 72 77 85
19 10 15 19 24 31 45 47 49 53 68 73 80 86 89 90 94 95 96 97
23 1 2 12 13 24 25 26 28 34 45 52 53 54 65 69 74 75 76 85 86 90 91 93
20 10 14 15 16 17 19 21 22 25 29 34 37 41 56 74 78 79 84 86 91
22 3 7 14 15 17 18 28 37 39 40 42 56 58 64 69 75 76 84 86 91 93 98
22 6 7 12 14 15 17 25 29 42 44 45 52 59 61 66 77 80 85 87 89 95 99
18 1 10 18 20 23 27 29 45 51 54 56 58 61 67 69 75 97 99
25 2 7 10 14 33 34 35 36 37 39 47 51 57 64 70 74 76 77 82 87 90 91 95 96 97
16 7 12 15 17 20 35 41 42 47 55 63 69 72 73 86 97
19 2 8 10 13 19 22 38 42 47 50 52 58 74 76 78 83 87 92 95
29 1 3 8 10 16 18 19 23 24 29 30 31 33 37 42 43 61 62 70 71 72 77 79 82 84 85 89 96 100
17 9 13 21 22 25 33 35 47 49 51 52 55 62 71 72 80 81
27 2 3 7 10 16 17 19 31 36 42 44 53 58 59 64 67 68 73 77 78 81 83 87 89 91 92 99
20 1 2 8 9 16 17 19 22 36 45 46 53 54 58 60 63 82 84 89 95
14 1 37 41 43 44 48 50 64 67 69 71 75 77 93
25 1 2 4 8 10 33 40 42 44 51 53 57 60 61 64 66 68 69 76 79 81 89 90 93 99
24 4 5 18 24 27 28 33 35 36 41 48 52 54 60 62 65 69 70 74 76 79 86 88 96
20 8 13 16 24 25 26 33 36 39 43 45 50 63 65 72 77 88 93 96 97
25 12 13 16 24 26 27 31 36 39 40 48 55 60 67 70 75 78 83 85 87 88 89 94 98 99
30 2 5 7 8 11 13 16 18 19 22 24 30 32 36 48 53 62 65 66 74 75 81 82 83 89 91 93 95 96 97
17 5 16 17 18 30 41 47 52 55 58 59 76 79 80 93 96 98
22 2 3 4 7 8 11 14 22 24 27 33 39 44 54 58 62 77 84 90 92 97 99
24 3 12 13 16 18 19 20 21 23 24 28 36 38 50 51 52 65 69 73 74 78 85 96 99
20 7 15 17 23 28 29 34 36 37 45 56 58 60 71 73 76 89 92 94 99
29 2 5 16 21 22 28 29 30 32 33 39 41 43 46 50 53 59 62 67 74 76 77 81 84 88 90 92 98 100
21 1 2 11 14 17 30 31 37 39 46 51 52 60 76 77 83 85 89 90 91 100
28 1 4 5 6 14 17 20 23 27 31 36 38 40 43 46 47 50 52 54 56 58 61 64 71 85 91 94 99
23 4 12 15 16 17 23 31 34 36 37 47 54 55 57 60 61 86 89 93 96 98 99 100
28 4 6 7 10 11 15 16 20 25 27 33 36 42 47 55 57 61 62 66 69 79 82 84 86 88 94 97 98
25 4 7 9 11 13 14 15 19 23 26 27 37 38 42 51 55 56 58 60 63 65 71 72 84 86
20 3 5 9 14 36 55 64 67 74 77 78 79 81 88 89 90 94 96 99 100
19 2 6 8 13 29 30 37 49 53 55 63 67 70 73 75 89 93 95 100
31 1 11 12 17 21 23 25 28 29 31 32 35 36 41 42 47 49 50 58 59 66 67 69 74 76 79 83 91 93 97 98
21 2 6 8 12 13 14 28 33 34 51 58 61 65 67 71 76 83 87 91 94 96
22 1 2 10 11 31 32 33 35 41 45 55 57 61 62 63 64 71 77 78 85 89 95
21 9 13 15 19 25 27 34 37 38 39 50 59 70 76 78 80 86 87 90 94 96
29 1 3 6 7 11 15 16 18 20 23 24 25 26 32 42 45 49 50 55 61 62 66 71 73 74 75 78 92 100
23 1 3 13 15 22 24 28 36 37 47 51 53 58 61 69 70 76 78 80 83 85 87 91
27 7 10 12 14 28 30 31 35 36 39 45 46 55 57 63 74 76 77 79 80 84 85 87 91 93 96 100
21 8 13 16 17 26 30 33 39 41 48 50 65 71 72 74 77 81 83 85 96 98
15 12 21 24 28 29 32 35 40 42 43 61 67 72 93 99
18 2 7 18 26 28 29 39 46 47 54 57 58 60 70 74 75 82 85
23 2 4 7 11 12 14 16 17 19 23 25 27 28 53 54 59 62 63 65 66 82 90 94
17 6 8 11 17 20 29 30 37 46 50 52 69 71 73 76 81 100
17 4 11 12 17 51 52 56 58 65 73 79 80 82 83 88 89 96
29 1 3 7 9 11 19 20 23 29 33 34 39 44 45 51 53 54 56 58 60 66 70 74 75 77 79 82 88 100
20 1 7 16 19 29 35 53 63 65 69 74 75 76 81 82 90 93 96 98 99
27 1 4 5 12 13 21 23 26 32 40 41 42 45 48 52 57 61 67 68 69 73 74 75 81 86 90 100
18 3 7 15 16 27 37 40 43 50 51 63 72 73 80 82 88 90 96
23 2 3 6 8 10 11 14 23 30 38 44 49 56 63 70 73 75 77 82 86 90 95 100
18 8 10 17 19 20 23 24 25 34 51 59 63 64 77 81 87 90 100
24 2 5 6 8 12 16 17 20 25 26 33 43 45 46 49 59 64 65 66 67 70 79 92 99
19 15 19 25 30 34 36 43 49 53 54 57 64 65 68 70 75 77 83 96
17 8 9 16 21 23 24 30 51 53 66 75 78 83 89 90 94 98
11 4 5 6 16 23 32 64 67 72 77 94
27 1 5 8 11 16 17 21 24 27 28 29 30 35 40 46 57 58 63 65 68 71 74 75 81 85 90 100
21 2 9 10 15 47 53 58 60 62 63 66 69 74 76 80 88 89 92 93 94 98
18 8 9 16 19 20 28 31 34 35 45 46 49 68 74 81 88 91 97
18 9 10 15 17 19 36 40 41 43 45 55 56 57 61 71 73 79 86
16 3 5 6 10 11 16 23 44 46 47 50 54 55 61 78 83
20 1 5 6 10 13 16 19 21 22 25 32 35 39 45 64 71 83 85 90 98
23 8 13 17 25 27 28 32 35 40 43 45 48 55 64 70 78 79 82 86 87 90 92 99
23 3 5 27 36 42 44 47 52 57 62 63 67 69 73 77 78 80 84 86 89 92 96 99
25 6 8 11 14 17 18 22 30 34 36 38 43 45 46 54 65 78 83 84 85 88 91 95 97 100
25 3 15 16 19 20 30 31 32 34 36 42 47 50 57 65 71 74 75 77 78 79 80 81 91 92
14 11 28 30 36 41 52 54 58 60 69 71 76 80 90
11 2 15 23 31 32 53 59 66 80 85 88
20 2 5 7 12 21 23 25 28 31 33 47 54 69 81 82 87 89 90 94 95
22 10 11 21 26 34 39 40 42 47 48 56 58 65 74 75 80 81 89 90 93 95 96
15 6 16 31 38 41 44 58 61 70 78 79 81 85 86 95
17 5 7 15 16 22 25 38 47 49 52 53 54 62 78 79 83 98
20 2 4 5 9 17 18 24 25 35 39 43 54 55 66 67 68 71 73 84 96
20 10 16 20 21 25 26 27 32 40 42 46 47 57 66 71 77 89 92 96 98
24 5 7 11 12 13 15 23 24 38 41 48 50 61 74 75 81 83 84 85 87 90 91 96 97
21 8 9 14 24 26 28 35 41 47 50 53 54 55 60 62 68 69 79 90 93 98
18 7 16 22 33 37 49 50 51 53 56 57 74 76 82 85 94 97 99
26 3 12 14 19 20 21 22 25 35 40 43 45 50 54 59 60 63 66 69 81 82 83 84 88 89 96
20 17 20 21 26 28 31 32 38 57 64 66 69 74 78 81 83 86 90 96 99
19 7 12 14 15 16 24 34 43 54 73 74 76 80 84 87 94 95 96 99
18 2 15 28 31 35 37 44 50 53 68 72 76 78 80 85 93 97 99
21 6 8 9 12 13 15 16 17 47 50 52 55 61 66 68 71 83 88 91 96 100
29 3 5 6 12 14 15 17 26 35 37 38 42 49 53 55 58 61 64 65 72 73 76 80 83 88 89 91 92 98
19 3 11 12 16 17 21 22 28 57 61 65 66 72 77 81 94 95 96 100
21 2 3 4 10 17 27 30 32 37 41 44 54 63 64 67 69 77 84 91 92 96
25 7 12 14 16 24 26 28 30 31 35 47 50 52 54 55 63 65 67 68 77 79 87 89 90 93
25 2 5 6 18 20 21 30 31 39 42 48 49 53 67 69 73 74 75 78 81 84 90 94 97 99
21 5 8 9 11 17 18 37 42 47 52 57 59 65 67 71 80 92 95 96 97 99
11 7 20 22 38 58 62 83 84 89 92 99
24 1 19 21 23 29 30 36 41 53 55 59 61 67 71 73 74 75 81 83 88 91 92 94 96
21 4 9 13 15 17 23 28 29 32 41 47 48 52 56 61 62 64 87 89 92 98
27 4 11 15 18 21 23 25 32 40 44 46 49 67 68 69 71 75 77 86 88 89 90 92 95 96 97 100
14 6 20 28 29 34 35 36 41 54 59 63 75 85 91
20 4 6 11 18 30 38 40 41 47 48 49 52 55 60 71 75 76 79 94 97
19 3 15 21 33 37 39 41 44 52 53 54 67 71 73 74 75 76 78 86
19 3 14 19 31 32 33 35 39 40 52 55 57 65 66 71 76 90 94 98
15 1 14 17 22 27 52 53 64 71 73 74 87 88 93 100
23 6 15 17 22 24 25 32 34 36 38 48 59 65 67 73 74 76 79 83 85 86 88 94
19 1 4 5 8 11 15 32 33 38 43 48 55 63 65 67 79 91 93 99
18 3 9 11 13 16 28 30 34 38 40 41 50 55 60 61 88 92 96
10 8 10 11 27 46 48 51 72 77 98
23 3 4 9 14 16 21 30 31 32 36 42 46 50 54 55 61 69 71 74 85 88 91 96
21 5 6 10 22 23 27 37 39 40 49 51 54 56 57 61 64 68 74 76 81 97
16 7 12 16 20 22 36 44 47 50 51 53 56 85 87 91 93
21 2 8 9 11 14 19 24 31 37 38 39 41 46 48 52 53 56 58 89 95 99
25 3 7 8 9 12 20 25 28 31 34 35 37 39 42 47 61 63 66 68 73 75 78 79 86 88
11 22 43 48 72 76 82 83 86 89 96 100
26 1 2 4 8 11 19 20 23 26 34 36 40 49 50 52 54 59 61 62 68 71 75 80 87 92 95
16 3 7 9 11 20 30 31 35 42 51 52 80 84 91 95 100
17 1 18 19 27 35 41 47 49 58 65 68 79 80 85 86 88 100
25 2 10 17 18 21 22 23 24 26 33 36 37 39 50 54 55 58 63 69 72 76 79 89 98 100
30 1 7 9 15 16 17 19 24 26 39 40 45 49 55 57 62 64 65 68 71 72 77 78 81 83 86 91 93 94 98
18 3 6 7 30 31 32 37 38 58 62 67 74 75 78 79 84 87 91
17 5 9 22 27 33 34 48 50 54 59 65 66 70 76 81 87 98
21 3 8 18 21 28 30 34 41 43 44 47 48 54 59 68 70 74 76 93 97 98
22 14 17 18 21 26 32 34 39 40 42 43 51 58 60 64 68 77 83 86 92 93 98
20 4 6 18 36 37 38 42 45 49 52 54 58 61 63 65 69 72 86 96 97
19 1 9 10 15 16 23 29 34 36 38 42 57 59 61 66 67 70 80 87
22 1 5 7 18 19 26 29 35 41 42 46 47 49 59 64 67 72 80 88 89 97 100
25 2 11 12 15 23 24 25 29 34 35 45 47 48 58 62 64 67 70 74 89 93 95 98 99 100
22 3 5 6 9 12 14 19 21 22 31 32 47 50 67 70 73 81 85 87 90 91 99
15 5 11 17 20 21 23 29 33 35 65 79 86 93 97 98
16 1 2 4 14 15 20 28 44 50 51 54 57 60 64 66 77
24 3 9 11 19 20 22 27 28 29 32 33 42 48 50 51 56 58 60 62 66 67 85 86 93
18 6 9 14 16 19 20 28 34 35 39 45 52 59 75 81 97 98 100
26 1 5 8 13 15 20 24 31 35 45 50 54 55 56 57 60 61 62 65 66 76 78 86 92 93 96
27 1 3 7 10 11 20 21 31 32 35 37 38 43 44 46 55 59 60 63 64 73 74 77 79 82 96 97
16 1 2 12 13 14 20 22 32 35 39 46 48 52 66 75 92
15 5 8 20 25 31 50 51 52 62 72 78 79 84 88 94
17 4 9 15 25 34 36 37 54 66 73 76 81 88 94 95 97 98
16 2 3 6 8 20 21 22 25 26 65 67 74 82 96 99 100
18 15 19 21 27 28 30 37 44 48 50 53 58 60 66 68 77 78 90
21 7 9 11 15 18 19 21 24 35 40 45 51 59 64 68 70 73 74 88 90 100
15 1 5 11 13 15 17 20 35 56 57 62 69 80 81 91
19 2 7 14 17 27 34 40 52 54 56 70 78 81 83 89 95 97 98 99
20 4 9 10 16 17 23 24 25 37 44 48 53 61 62 68 71 75 76 79 97
17 3 6 8 12 14 16 21 43 45 57 59 60 65 66 74 82 90
31 1 3 12 15 18 20 22 27 30 33 37 45 49 50 51 54 55 62 64 65 69 71 74 84 85 87 90 91 92 94 98
21 21 29 38 39 42 43 46 50 53 55 57 61 66 74 82 84 88 93 96 97 98
17 1 2 5 7 12 14 17 22 26 33 34 61 66 83 89 92 96
19 9 16 18 25 30 37 39 43 44 45 48 52 71 80 81 91 92 95 98
13 13 17 20 21 27 28 29 47 51 57 63 67 78
15 2 9 22 23 25 29 37 38 42 43 60 65 77 90 97
15 6 14 27 34 39 43 44 46 47 48 60 62 63 86 96
23 1 6 10 12 17 20 23 26 32 37 41 57 58 65 67 70 74 75 80 86 95 96 99
17 7 25 34 46 56 60 65 66 67 76 83 84 85 87 91 93 94
26 10 13 16 17 23 24 34 39 42 44 46 51 55 56 59 62 65 69 71 74 80 83 86 91 98 100
13 3 4 8 14 16 25 38 39 49 64 78 80 81
23 15 16 19 20 23 33 35 41 43 44 50 55 56 58 60 65 69 73 77 78 79 82 97
19 1 5 7 18 20 36 43 47 48 52 53 54 58 63 70 75 96 97 100
24 1 7 11 17 18 25 31 38 46 49 51 52 61 67 68 69 71 84 85 86 88 89 91 100
26 3 4 10 13 14 25 26 34 35 42 54 55 64 69 70 76 77 80 84 85 86 87 89 95 99 100
21 3 9 20 22 24 29 30 45 54 58 62 63 65 67 70 72 74 75 79 82 94
20 5 7 12 17 19 20 21 22 29 32 37 65 66 74 81 88 89 97 98 99
13 3 7 27 37 39 42 51 62 71 81 84 92 100
16 16 41 42 51 53 54 58 60 76 77 79 82 84 87 90 100
19 4 6 19 26 27 35 45 54 58 62 63 65 72 76 78 90 92 96 100
16 19 22 35 37 48 51 54 56 67 68 75 78 82 92 97 100
25 1 3 4 5 8 11 19 22 25 27 31 35 42 43 46 48 52 53 55 59 65 68 75 88 98
22 1 4 7 13 17 18 19 22 29 32 38 39 40 42 52 54 60 64 73 77 82 83
27 9 16 18 24 26 29 30 33 34 40 47 49 51 58 71 72 73 74 79 85 86 89 91 93 94 98 100
24 4 6 13 17 22 27 31 32 37 39 41 42 44 48 49 56 61 71 77 78 79 90 94 95
20 3 8 11 13 19 22 23 28 32 33 39 40 45 56 74 75 78 80 86 87
19 1 4 10 14 17 30 36 37 38 41 42 47 48 51 62 73 97 98 99
15 2 5 7 13 16 25 27 43 50 58 64 88 94 96 99
17 3 4 7 10 18 24 25 29 42 51 70 74 75 82 83 84 94
17 12 21 22 33 37 41 45 50 51 59 65 68 75 79 82 90 95
23 14 15 20 21 27 29 31 37 40 45 53 54 61 63 65 67 68 69 70 75 86 90 97
17 3 5 9 15 17 25 30 32 36 46 52 54 62 66 73 79 99
15 2 6 11 18 22 33 38 57 61 73 79 84 88 95 97
24 8 10 13 18 19 23 27 31 35 39 44 48 49 51 57 65 71 74 79 82 85 88 92 95
17 4 11 16 17 30 36 51 55 56 58 65 68 73 74 81 82 96
19 4 8 10 13 19 20 44 50 51 53 55 61 69 75 81 91 94 95 96
20 6 12 15 16 20 22 37 41 42 43 48 49 64 76 79 80 88 90 92 97
20 2 6 8 12 15 16 26 28 43 50 55 59 61 66 67 78 80 81 94 96
20 7 9 12 16 18 20 22 30 39 58 62 64 66 69 70 74 76 87 97 98
24 4 6 10 16 23 25 30 32 33 35 43 44 45 51 54 55 57 67 70 77 79 81 85 88
22 1 7 11 16 17 23 27 34 38 45 55 59 66 70 78 87 88 89 91 97 98 100
25 7 10 11 12 15 16 17 25 26 27 29 37 43 44 50 53 60 63 67 70 75 76 81 89 92
21 7 9 14 16 18 24 31 32 41 43 48 54 60 65 69 75 76 85 88 96 99
16 6 8 19 20 40 45 55 58 63 64 65 67 71 74 83 95
27 6 8 12 16 21 28 29 30 32 34 39 46 53 57 58 61 71 72 73 85 87 88 90 94 97 98 100
22 11 18 21 24 26 30 35 40 45 46 53 56 59 61 65 66 69 85 90 91 94 99
16 5 18 29 33 60 64 67 68 69 70 74 77 82 84 92 93
15 1 6 7 8 10 12 17 29 33 37 46 48 76 87 100
15 9 13 18 25 36 39 40 50 67 71 72 77 79 83 100
26 3 4 5 7 8 11 19 23 26 32 36 43 45 47 54 59 61 64 70 71 72 75 78 87 90 91
16 7 12 14 16 27 42 49 54 56 60 67 70 78 87 91 93
20 1 6 28 30 33 34 38 50 51 59 63 73 74 75 78 80 90 98 99 100
22 2 4 7 16 19 39 43 44 53 58 61 64 67 68 70 73 76 85 87 92 97 99
16 4 16 17 30 32 36 49 51 54 55 61 67 84 87 94 96
26 4 5 8 9 14 23 25 30 31 39 41 45 49 57 59 63 66 67 69 70 71 74 77 78 81 93
19 2 5 7 22 31 34 36 37 49 50 58 61 67 69 79 83 88 90 99
18 1 27 29 34 48 50 51 52 58 69 75 76 78 79 83 85 88 92
22 4 5 6 9 10 12 18 28 39 40 51 53 64 65 68 70 72 79 83 85 87 95
19 8 9 27 35 36 41 44 47 51 64 66 74 76 85 86 87 91 92 97
15 1 17 18 21 27 38 39 40 47 51 69 78 91 93 95
14 2 4 38 42 48 54 62 76 83 88 89 90 96 100
14 13 24 25 37 38 43 53 55 60 64 78 80 83 99
17 4 12 20 24 34 40 46 48 57 58 61 69 70 84 87 89 94
21 1 10 11 14 17 20 24 47 59 63 67 71 72 73 75 77 78 84 86 95 99
16 3 6 9 11 16 30 38 41 46 47 58 68 71 78 80 88
23 4 6 12 17 18 22 23 28 33 34 35 37 50 56 58 62 73 76 77 81 89 92 99
12 25 26 31 39 41 62 71 89 92 96 97 98
15 4 13 36 37 42 44 45 48 53 60 78 79 81 88 89
17 2 5 7 14 16 22 23 32 33 41 53 57 69 85 87 94 98
22 4 15 22 35 43 45 46 47 50 57 58 62 66 69 72 75 77 80 84 85 86 91
20 3 4 10 16 27 31 38 47 49 56 57 59 61 64 70 84 85 88 89 93
17 12 13 19 24 29 33 46 50 54 57 62 66 85 87 89 93 99
20 5 7 25 27 43 54 59 65 66 67 69 70 72 74 76 80 83 90 92 98
16 1 3 12 16 21 28 37 49 51 54 80 81 83 89 90 99
19 3 7 8 13 17 18 28 33 35 42 44 48 52 61 69 78 80 90 100
18 2 7 8 14 15 16 17 27 28 32 34 35 45 60 70 88 91 98
21 1 2 11 23 25 28 34 39 46 56 62 66 68 69 72 73 78 79 80 94 95
17 5 6 19 23 29 37 44 47 48 49 53 67 72 77 79 85 88
22 1 6 7 13 14 23 27 29 30 33 42 53 57 59 60 62 63 70 71 75 85 93
25 1 3 6 8 10 13 14 20 27 28 31 32 34 38 43 44 52 57 62 76 88 90 91 92 93
25 7 23 24 27 32 33 37 39 44 45 48 51 68 72 73 74 77 80 84 86 87 88 92 97 98
22 4 7 13 22 24 30 33 34 35 37 38 41 45 47 61 64 73 74 76 89 93 99
23 4 8 16 19 29 30 38 39 43 44 55 60 61 62 63 68 73 75 83 84 94 95 96
17 1 5 6 11 15 22 23 37 38 41 50 52 53 58 71 80 81
28 23 24 26 31 35 42 44 45 46 47 50 53 54 56 58 62 64 65 67 71 79 82 86 92 94 97 98 100
13 5 21 25 39 48 53 59 67 72 79 85 88 89
20 1 4 7 16 17 18 24 26 35 43 47 59 65 66 71 74 77 88 91 98
25 6 11 14 16 21 23 25 26 30 34 37 39 44 47 54 55 56 74 75 76 79 84 92 94 97
23 14 16 19 21 29 31 37 43 44 48 51 57 59 61 65 72 75 82 93 95 97 98 100
25 5 8 11 13 17 20 21 28 32 39 47 55 61 66 73 74 76 77 78 81 83 84 88 93 97
19 2 6 10 16 18 20 26 28 34 46 50 57 58 69 76 80 81 82 87
16 3 7 12 13 16 24 28 34 42 44 49 58 65 66 84 93
22 9 14 16 18 24 29 31 40 41 50 61 63 65 67 68 70 72 74 88 89 95 97
18 15 16 17 25 27 28 30 31 38 43 45 49 53 58 59 66 72 92
25 4 7 11 16 23 24 25 34 38 41 43 46 50 52 54 56 68 73 78 81 83 86 93 94 96
25 1 3 7 10 13 17 23 27 28 38 39 52 57 63 66 67 69 72 75 79 83 86 88 96 99
22 1 2 5 11 18 22 27 33 36 40 43 46 51 53 63 65 66 70 74 81 92 96
17 7 11 15 18 26 30 32 34 47 55 58 62 72 81 93 94 99
22 4 8 13 15 22 23 30 31 34 35 36 39 41 47 51 56 57 68 78 79 90 91
16 4 7 29 33 36 43 44 57 70 71 76 82 83 84 91 97
15 13 22 23 24 43 47 52 56 77 81 87 91 93 94 97
21 9 10 12 13 14 20 30 39 46 47 57 60 67 69 75 78 79 81 92 95 100
22 1 10 14 16 17 19 24 29 34 38 42 47 49 51 56 57 63 65 85 88 92 97
21 2 3 6 8 12 13 22 26 38 45 50 55 61 75 79 81 86 93 94 99 100
12 2 3 19 29 44 62 63 64 67 81 82 83
29 2 4 7 8 9 15 19 21 24 26 27 29 33 40 48 51 54 57 58 62 71 75 77 78 79 90 91 92 96
21 8 15 20 24 29 30 35 36 37 38 41 44 53 56 59 64 66 85 92 94 96
18 6 25 27 33 39 40 42 46 49 57 58 61 64 71 77 83 87 94
12 1 27 35 44 45 50 63 65 70 78 89 97
21 2 8 10 19 30 31 32 33 38 41 51 60 64 70 72 76 80 82 89 92 94
23 5 9 12 13 16 18 23 24 32 34 53 56 64 65 70 73 75 76 77 80 82 93 95
20 1 2 5 17 18 22 27 29 30 32 40 52 53 69 70 77 85 86 91 99
16 1 3 10 17 25 28 31 32 37 53 57 58 82 96 97 98
25 1 4 7 8 24 25 26 27 28 34 40 41 46 47 52 55 58 61 66 74 75 77 84 90 94
21 3 5 8 20 27 32 34 42 43 46 47 51 52 53 54 60 62 85 89 94 97
24 3 5 6 19 25 29 31 33 41 45 49 50 51 53 60 61 63 68 69 77 78 83 98 100
24 3 6 12 14 16 18 19 26 38 40 49 50 52 53 69 71 77 78 83 88 96 98 99 100
16 5 8 10 18 21 24 29 32 45 46 76 79 90 95 96 97
16 9 16 20 21 30 50 58 60 64 72 79 84 86 87 94 98
21 8 19 21 24 26 30 33 37 44 50 55 57 71 72 75 79 81 87 90 92 100
15 2 3 6 7 14 21 24 42 49 51 55 65 74 80 91
19 9 14 16 18 29 30 47 58 62 63 64 66 67 70 76 78 88 89 95
23 1 5 13 15 18 19 35 36 39 43 47 48 49 57 58 59 63 71 72 78 90 91 97
16 3 9 19 23 33 37 38 59 64 68 76 79 80 82 88 95
21 4 24 29 30 34 36 37 38 40 43 44 45 53 59 63 64 68 87 90 95 96
10 2 5 34 46 57 65 67 74 87 96
18 10 12 18 20 23 35 39 40 44 50 53 55 59 62 70 79 81 83
24 1 2 4 8 9 11 16 19 23 24 39 41 48 49 51 55 62 63 81 83 86 98 99 100
23 4 6 9 11 18 33 36 45 50 53 54 56 67 69 71 78 79 80 84 88 96 99 100
23 3 6 8 21 24 26 27 33 35 36 38 41 42 47 48 51 52 59 65 75 83 85 94
13 5 15 17 21 25 31 42 47 56 58 68 86 95
18 7 8 10 11 23 26 41 43 44 55 69 70 73 75 77 88 92 99
21 1 9 12 23 35 38 39 43 59 68 70 73 76 79 80 84 88 92 95 97 100
32 1 3 4 8 13 14 25 28 31 33 38 39 47 50 52 53 59 61 66 69 72 73 75 77 79 84 89 93 94 95 97 98
19 2 13 15 18 20 29 48 52 56 61 62 63 66 68 72 73 80 89 96
16 8 14 21 24 26 27 44 51 59 61 62 80 82 83 93 100
16 5 6 8 9 12 32 37 42 44 49 60 68 76 86 91 97
21 21 26 27 34 36 38 41 45 48 51 53 55 59 60 73 75 80 86 89 92 94
23 5 6 8 16 26 27 30 32 35 36 37 41 47 49 51 60 61 63 65 66 78 84 86
30 2 6 7 8 9 12 22 31 33 34 37 41 47 51 53 54 55 58 59 60 65 70 71 78 81 87 93 95 97 98
22 3 6 7 11 13 18 28 30 35 41 42 51 53 61 62 72 73 75 77 82 93 97
21 12 14 17 21 22 28 32 36 42 46 53 60 62 65 79 82 86 91 93 98 99
17 1 5 14 15 27 28 39 41 42 48 58 68 71 72 74 80 94
27 3 4 5 10 12 15 17 18 20 22 26 29 33 43 51 52 56 58 59 65 71 76 78 87 94 96 98
21 1 2 3 9 12 19 26 29 40 41 43 46 56 61 64 65 68 69 70 71 96
24 7 9 13 16 22 27 29 34 36 41 44 50 60 63 67 70 72 74 82 83 86 88 92 94
16 19 35 36 43 48 51 57 60 61 62 78 84 87 91 92 97
16 2 6 23 28 33 34 35 54 57 61 63 64 67 84 86 93
17 3 6 14 24 27 30 34 37 52 68 78 83 84 86 90 97 100
26 2 10 11 13 21 29 34 36 38 39 45 50 51 52 55 57 62 67 68 72 80 85 88 93 95 100
21 4 7 13 15 20 22 23 31 34 37 42 52 53 60 68 69 74 94 95 99 100
23 7 17 20 21 26 35 39 40 49 52 53 57 58 59 60 65 70 79 88 89 90 91 92
18 2 6 9 14 16 22 33 39 41 44 48 50 63 80 91 92 94 95
12 7 12 17 22 24 31 61 70 76 78 87 95
23 5 12 22 23 26 29 37 38 44 45 46 51 55 59 61 66 69 73 77 78 90 92 95
24 3 5 11 13 19 23 26 28 29 33 35 37 50 51 58 62 67 71 76 77 79 86 90 100
18 1 2 8 11 14 15 18 21 31 33 38 41 53 79 81 89 92 94
21 2 10 14 16 17 19 22 26 28 31 34 41 50 53 58 67 68 84 86 87 90
21 1 2 6 14 15 20 24 32 40 45 55 59 71 77 82 92 95 96 98 99 100
20 1 2 3 13 22 27 28 29 33 40 41 45 63 66 68 71 73 74 85 91
17 13 15 16 17 25 26 32 33 36 42 44 46 49 60 67 79 92
19 1 4 9 14 16 17 19 22 26 34 49 52 57 67 84 91 93 96 97
12 8 9 13 20 31 35 46 47 65 75 76 97
17 4 19 23 27 43 46 50 52 56 60 61 63 75 79 84 86 96
15 6 9 15 19 20 25 39 44 54 55 70 76 79 88 100
25 8 12 14 15 19 20 33 41 43 48 49 53 54 58 59 76 77 83 84 88 89 91 93 96 100
13 6 14 25 58 64 66 67 69 73 84 86 93 96
24 1 5 7 10 13 16 23 26 30 47 54 56 57 63 66 68 70 74 79 81 88 93 96 97
22 2 5 6 7 11 12 32 35 36 51 55 64 65 67 68 73 76 82 84 87 88 98
15 1 6 7 21 26 46 49 51 62 64 74 78 86 92 98
13 1 3 15 23 32 34 45 49 65 74 79 91 95
20 3 5 6 32 36 37 42 43 44 47 49 56 57 58 62 80 87 93 96 98
23 3 9 17 19 20 21 36 37 45 51 56 58 59 62 64 70 71 73 75 77 81 85 92
22 6 12 15 17 21 25 30 33 34 37 47 50 55 59 65 74 75 79 80 92 96 98
16 5 9 14 17 21 32 48 49 64 69 77 80 81 82 93 94
19 4 5 10 12 13 15 17 24 28 45 48 57 58 65 66 75 83 92 95
24 2 11 13 16 17 18 22 29 30 33 42 46 48 51 58 59 60 64 68 77 86 91 92 99
18 15 26 33 38 43 46 51 56 58 59 70 72 76 79 80 88 90 91
23 2 5 10 14 16 20 24 29 31 33 34 43 44 56 66 68 69 70 73 76 80 90 99
21 6 8 12 14 16 19 20 26 30 35 38 50 57 62 71 76 83 86 89 90 94
20 1 20 24 27 28 46 49 50 53 55 57 60 61 62 69 74 84 86 88 92
19 10 12 16 18 20 22 24 37 39 41 45 49 53 56 61 64 68 79 100
22 1 2 5 10 18 24 37 42 43 48 50 51 52 57 58 65 71 74 80 81 94 99
17 3 5 18 26 39 40 52 58 68 72 73 79 84 86 90 91 92
21 6 9 14 18 19 22 29 39 40 52 54 71 72 75 77 79 80 82 85 94 95
18 2 4 8 10 12 14 37 38 39 52 56 57 60 82 84 89 93 98
16 1 6 15 29 31 33 34 41 48 54 59 62 70 73 79 95
26 3 7 10 12 14 19 21 27 29 31 32 34 39 41 42 54 59 60 62 63 66 69 71 75 88 98
21 3 4 6 16 31 34 35 39 43 46 49 51 53 59 60 67 68 69 81 89 96
19 2 21 23 25 27 28 36 37 38 46 48 51 56 61 64 65 72 74 88
25 5 7 16 27 28 29 38 40 46 51 52 58 61 64 65 71 72 77 82 86 89 91 94 96 98
16 8 14 16 27 31 32 35 38 40 41 42 47 72 76 82 88
22 1 6 12 15 20 24 25 36 39 42 50 51 68 72 73 79 80 84 85 86 90 94
23 1 2 6 7 13 24 27 29 32 36 42 47 49 55 62 63 73 75 76 81 92 93 97
20 4 8 20 23 30 31 41 42 51 62 64 71 74 76 87 88 91 96 97 100
23 7 12 13 17 19 20 24 25 28 30 31 42 55 56 58 68 70 71 77 78 79 91 98
23 3 5 10 27 29 30 34 36 37 43 44 45 46 55 60 66 73 81 85 91 92 94 96
23 2 3 5 13 16 23 24 29 30 31 35 36 38 42 53 65 66 72 82 83 91 93 99
23 2 22 25 28 32 37 39 45 48 51 53 54 55 68 71 73 76 77 85 87 91 92 94
21 1 5 10 18 28 41 44 46 48 53 58 64 67 68 72 81 85 89 90 93 98
25 6 10 11 14 19 20 22 26 33 34 35 41 44 45 46 52 62 67 68 74 79 82 87 92 99
23 2 10 12 17 20 21 24 28 35 37 40 54 64 65 70 71 77 78 83 85 86 88 89
17 11 14 22 23 24 27 28 29 37 50 74 75 76 83 86 89 95
22 1 3 8 19 26 27 28 33 35 41 44 45 51 52 55 56 63 67 80 81 92 100
17 2 6 15 25 29 31 39 41 53 56 62 63 76 80 81 86 92
20 2 8 11 14 17 20 24 28 40 43 46 51 56 59 75 83 86 87 94 100
16 5 11 26 28 31 40 47 51 53 54 56 59 68 70 76 87
21 3 9 12 18 21 33 35 46 49 51 62 64 67 68 72 73 75 83 84 97 99
23 4 12 13 14 17 18 23 29 30 57 60 65 67 70 81 86 87 88 90 91 94 95 96
25 1 6 8 9 15 18 26 32 33 34 39 41 43 46 47 48 49 58 68 74 75 89 91 92 98
26 2 8 9 16 22 26 31 35 36 37 38 39 51 55 60 62 68 70 78 81 86 91 92 96 97 99
23 1 3 4 7 27 31 34 37 40 50 51 52 53 54 55 62 75 76 77 78 82 90 98
21 1 13 15 28 34 43 46 51 53 56 64 66 69 74 75 82 85 93 94 97 98
17 2 5 19 22 35 42 47 49 68 69 71 74 75 79 81 83 91
21 2 8 9 12 14 15 22 26 31 37 43 44 50 61 63 67 68 74 84 92 100
19 2 14 17 20 25 45 46 49 53 56 61 62 65 68 70 75 79 81 83
21 2 13 14 15 19 23 24 29 30 32 37 38 43 53 54 68 72 78 88 94 95
20 3 6 7 15 19 27 32 35 36 40 45 51 53 54 68 69 75 84 86 87
18 12 14 15 19 25 26 37 42 45 47 53 56 70 82 86 87 92 94
22 6 9 10 11 18 23 24 29 30 41 45 46 59 63 67 76 79 82 86 90 92 100
25 8 9 15 19 21 25 28 32 35 36 38 39 40 42 48 51 53 57 58 59 60 61 74 90 96
26 5 14 18 22 31 43 49 50 52 53 58 62 63 67 70 74 77 79 82 83 85 86 88 90 97 99
19 1 4 9 11 18 33 35 36 37 51 55 58 64 70 82 83 90 91 97
15 9 17 20 35 42 44 45 46 54 56 76 89 97 98 99
21 2 4 13 44 46 51 67 69 70 71 72 76 77 80 82 83 90 91 96 98 99
20 1 2 4 12 15 16 24 25 26 31 33 34 43 62 63 65 69 90 94 96
25 3 9 15 20 31 33 40 41 44 45 49 51 52 59 66 70 72 75 76 77 79 84 87 93 98
20 1 2 3 4 8 13 29 31 40 48 53 55 56 62 78 82 86 87 92 93
13 7 10 32 55 60 68 72 73 77 81 83 91 98
24 3 4 7 8 13 15 17 18 22 23 30 37 41 44 51 53 57 61 67 68 69 73 89 93
17 5 8 10 12 25 29 33 35 44 55 57 64 68 81 94 98 100
17 3 12 24 33 39 43 44 46 48 59 65 71 74 76 87 94 99
22 8 10 16 22 23 27 33 37 38 39 46 48 49 58 67 69 76 77 79 84 92 94
25 11 15 16 18 25 27 38 39 43 48 53 54 57 63 64 66 67 74 79 82 83 85 95 96 98
22 8 9 14 16 18 20 21 24 37 38 49 52 57 60 62 72 74 75 79 84 86 91
20 7 13 16 23 30 37 41 44 47 48 50 55 68 73 78 81 82 85 89 90
20 1 2 7 8 10 13 32 38 40 41 43 48 52 60 62 66 72 80 82 83
23 3 5 7 9 10 13 31 33 39 48 49 54 57 59 61 63 65 70 73 81 83 87 99
21 1 3 5 11 17 27 29 32 33 42 53 57 61 67 70 77 80 84 90 93 97
20 2 5 8 11 15 17 25 27 44 56 58 62 63 67 75 78 80 86 89 95
28 2 7 8 10 15 16 23 28 32 33 34 36 39 42 50 58 63 65 68 71 75 77 79 82 88 89 94 95
20 18 23 26 28 35 36 37 39 44 55 56 77 78 80 81 82 83 89 94 98
23 4 9 12 16 19 20 23 30 37 38 51 52 62 63 70 71 73 76 78 83 88 95 97
16 7 8 21 24 28 34 37 42 50 55 57 75 80 89 93 98
25 5 7 10 11 15 17 23 27 33 35 39 41 43 47 48 55 58 60 67 69 72 76 82 88 95
18 3 11 12 13 16 27 33 37 39 40 46 61 69 73 81 84 90 93
26 11 15 16 17 20 24 30 31 35 41 42 52 60 64 67 68 72 77 78 79 81 85 87 88 98 99
16 3 5 9 30 37 39 59 64 65 70 72 74 83 84 85 93
15 13 23 24 28 35 37 43 48 51 67 69 80 85 90 99
17 2 4 9 11 12 18 28 46 57 64 68 74 75 77 80 89 95
17 5 21 31 35 39 46 49 67 69 74 78 79 82 83 86 89 99
17 1 6 30 42 43 45 47 63 65 70 75 77 78 81 88 97 98
14 9 30 35 39 48 50 57 62 67 76 79 83 85 96
15 7 26 29 30 48 49 58 60 68 69 71 74 79 88 93
20 16 19 21 23 27 30 43 50 52 58 62 63 65 71 75 80 87 89 97 99
20 4 11 12 20 21 23 26 33 44 48 51 58 63 70 71 72 80 81 82 88
24 1 7 9 12 14 19 21 27 29 35 37 38 41 50 58 61 64 73 75 82 87 93 95 100
13 24 29 35 40 42 43 45 48 63 65 75 88 93
29 3 7 12 14 15 19 20 21 27 30 32 33 34 36 37 38 47 50 58 59 61 62 64 65 71 75 77 81 92
17 1 4 6 18 42 51 53 57 59 64 66 68 69 73 86 91 93
20 4 9 11 12 14 30 33 37 42 45 46 54 57 68 73 84 85 88 91 99
21 2 5 8 12 18 26 46 48 54 57 63 68 76 78 80 88 94 96 97 98 99
23 4 9 11 12 13 15 16 22 23 24 25 28 29 34 38 41 53 66 75 82 84 87 88
27 3 6 11 14 19 20 28 33 39 43 46 48 53 56 67 68 72 73 74 80 82 87 89 92 93 96 100
16 5 8 13 24 44 46 50 52 64 68 69 71 75 89 93 96
28 4 6 7 10 19 20 21 25 30 31 34 39 40 45 49 51 52 53 60 64 68 70 72 73 83 92 93 98
15 2 8 10 11 19 20 27 40 48 49 52 62 71 75 99
19 5 15 23 28 32 35 40 43 47 55 61 66 68 76 78 79 85 94 98
21 8 13 23 24 25 34 35 38 42 45 47 52 55 57 61 68 71 73 77 79 93
19 3 15 17 18 23 25 29 38 40 43 44 51 68 70 87 90 92 98 99
26 1 2 3 5 10 14 19 20 30 36 48 49 52 55 62 63 66 75 79 84 85 87 90 92 95 96
24 1 2 3 4 7 11 14 15 21 23 30 31 41 45 50 51 60 64 70 72 90 96 97 100
19 22 26 27 32 34 38 43 48 60 61 65 71 78 79 80 84 85 87 96
24 2 4 8 18 29 31 32 38 39 43 50 61 63 71 72 74 75 81 84 86 87 91 92 94
18 6 16 25 27 29 37 40 43 45 50 52 54 57 58 59 64 80 95
29 2 7 18 23 33 35 36 40 41 43 47 50 56 57 59 61 62 64 66 75 79 80 90 92 94 95 96 98 99
20 2 5 13 23 27 29 34 37 39 44 48 50 55 63 68 76 78 81 86 89
21 6 17 24 27 31 32 37 40 41 45 46 52 55 62 65 68 70 84 85 87 100
22 6 9 12 14 20 31 32 36 37 39 43 46 52 54 61 62 63 65 75 84 85 96
24 2 10 13 15 21 30 34 40 41 50 52 53 56 63 65 67 70 84 89 91 93 95 96 100
22 9 13 14 17 18 23 24 35 36 37 42 45 46 49 57 60 68 74 86 88 99 100
25 7 14 20 23 26 33 38 40 43 45 48 49 50 51 52 63 66 67 69 74 80 85 86 90 97
18 12 14 27 29 46 49 51 57 59 60 62 67 79 84 87 89 95 96
17 3 6 7 24 28 34 36 37 41 53 60 64 67 79 82 95 99
22 6 12 15 16 19 21 26 29 33 39 42 44 47 50 51 56 59 60 77 81 83 92
26 5 9 11 13 16 20 21 28 31 35 38 40 47 49 54 62 65 67 71 73 78 84 85 86 90 91
17 4 11 13 18 22 23 31 46 47 54 56 58 59 73 81 93 97
17 11 15 17 20 28 32 41 58 59 63 68 70 74 76 83 88 90
17 10 12 18 22 35 39 41 44 45 51 61 64 71 72 81 83 92
