20 20
11 1 3 7 10 11 12 13 15 17 19 20
8 5 7 8 15 17 18 19 20
12 1 2 3 4 5 8 9 12 14 15 17 20
13 1 3 4 5 6 7 12 13 14 16 18 19 20
12 1 2 5 7 9 10 12 16 17 18 19 20
10 1 4 5 6 7 13 14 16 18 19
8 1 4 5 7 10 11 14 18
12 1 2 4 5 6 9 12 15 16 17 18 19
11 5 6 7 9 12 14 15 17 18 19 20
9 1 4 9 11 13 14 16 18 19
10 1 2 3 5 8 10 11 14 16 19
11 1 4 6 7 9 10 11 12 13 16 18
10 2 3 7 8 9 12 15 16 17 20
11 2 3 5 6 9 10 13 15 16 17 19
12 1 2 4 7 9 10 12 14 15 16 17 18
6 5 9 14 15 17 19
8 2 4 7 10 15 17 18 20
12 3 4 5 7 8 9 11 14 17 18 19 20
12 1 2 6 7 9 10 12 13 14 15 16 18
13 2 3 4 6 7 8 12 14 16 17 18 19 20
